# Inference results of [image_id, x1y1wh, score, label]
494.0000,0.0000,0.0000,71.0577,64.6755,0.5599,19.0000
494.0000,91.8029,49.5553,75.2043,170.9255,0.4152,8.0000
494.0000,293.0649,95.8654,96.5625,193.6899,0.2915,8.0000
494.0000,97.4279,65.3966,66.3702,80.7452,0.2694,8.0000
463.0000,114.3990,128.2091,292.8365,137.0072,0.6241,7.0000
320.0000,44.4952,30.3125,402.9928,323.9904,0.3077,7.0000
441.0000,26.9952,117.3197,31.3462,91.4904,0.6247,14.0000
441.0000,0.9856,111.2260,27.6683,103.6779,0.6246,14.0000
441.0000,40.4928,12.4519,402.9928,252.3317,0.4982,5.0000
441.0000,7.5601,111.2260,31.3582,103.6779,0.4371,14.0000
441.0000,16.6947,111.0216,35.5288,103.6779,0.3747,14.0000
441.0000,467.8125,128.7740,32.1875,29.7115,0.2901,6.0000
441.0000,398.6298,60.0240,96.5745,91.4904,0.2892,5.0000
28.0000,94.3389,109.2163,258.4375,137.0072,0.5416,0.0000
472.0000,5.4688,37.4519,122.0793,94.1587,0.6454,6.0000
472.0000,265.0120,30.0601,234.9880,136.9952,0.5625,6.0000
472.0000,101.6947,20.9495,201.2620,83.1010,0.4361,6.0000
472.0000,132.7885,77.0673,109.4231,133.1250,0.3530,14.0000
472.0000,93.8822,69.3149,177.6202,137.0072,0.3236,6.0000
472.0000,87.2115,60.2284,66.3702,91.4904,0.2914,6.0000
472.0000,85.0841,174.3269,156.7548,120.9015,0.2720,1.0000
374.0000,173.8678,282.3918,156.7428,106.6947,0.7030,17.0000
374.0000,86.5721,267.4519,51.6827,71.2620,0.5406,8.0000
475.0000,133.3654,169.4832,331.8269,136.9952,0.6041,6.0000
475.0000,394.4471,160.0841,24.4110,43.2211,0.4581,14.0000
475.0000,459.6875,137.1514,31.3462,91.4904,0.4368,14.0000
475.0000,451.6707,131.0577,31.3582,103.6779,0.3330,14.0000
425.0000,42.4279,264.0240,58.5697,29.7115,0.6869,6.0000
425.0000,117.6202,265.6707,45.6130,20.4086,0.6034,6.0000
425.0000,178.0769,236.0312,96.5745,43.2211,0.5091,5.0000
425.0000,111.4784,267.6659,40.2644,18.0168,0.3741,6.0000
153.0000,105.4385,115.1038,341.4231,274.4885,0.7704,12.0000
244.0000,175.1202,197.5240,21.5505,62.8846,0.6456,14.0000
244.0000,242.1755,191.3942,27.6683,80.7452,0.6039,14.0000
244.0000,28.7139,202.8245,66.3702,150.8414,0.5829,14.0000
244.0000,80.8293,185.1923,40.2644,150.8533,0.5623,14.0000
244.0000,14.8678,199.7236,21.5505,62.8846,0.4992,14.0000
244.0000,249.8077,198.8101,24.4231,80.7452,0.4581,14.0000
244.0000,20.0481,195.3365,24.4111,71.2620,0.4370,14.0000
244.0000,51.9952,195.8894,19.0144,29.6995,0.3308,14.0000
244.0000,19.0144,197.5601,27.6683,103.6779,0.2910,14.0000
244.0000,53.5096,191.5625,16.7788,23.1250,0.2653,14.0000
449.0000,149.8918,161.8149,75.2163,38.1490,0.7286,6.0000
449.0000,4.4351,257.2356,16.7788,43.2212,0.5195,14.0000
293.0000,61.0938,292.8245,51.6947,117.4760,0.5413,4.0000
293.0000,0.7091,273.5938,40.2524,117.4760,0.5201,4.0000
293.0000,280.5048,236.0216,75.2043,248.7020,0.3536,4.0000
253.0000,43.3293,49.2644,416.5385,223.2572,0.3952,0.0000
432.0000,0.0000,73.8822,102.9928,361.8510,0.4579,14.0000
177.0000,151.6586,170.0721,292.8365,94.1587,0.6037,6.0000
177.0000,297.6202,175.8774,31.3582,33.6659,0.5411,14.0000
177.0000,302.5481,177.6562,35.5288,29.6995,0.3527,14.0000
315.0000,7.3798,30.2019,109.4351,281.8149,0.2913,14.0000
151.0000,0.0000,6.4880,500.0000,324.8318,0.6616,7.0000
414.0000,473.3654,90.1683,24.4231,71.2620,0.6446,14.0000
414.0000,56.2620,71.0337,109.4351,281.8149,0.5413,14.0000
414.0000,337.4399,67.1514,124.0024,248.7019,0.2913,14.0000
414.0000,467.1875,93.9543,21.5505,62.8846,0.2885,14.0000
40.0000,207.9928,227.6899,75.2043,80.7451,0.6829,9.0000
40.0000,297.0673,223.6154,51.6947,71.2620,0.6213,9.0000
40.0000,344.5433,258.8077,51.6947,38.1370,0.5967,9.0000
40.0000,91.3341,227.8942,96.5745,80.7452,0.5385,9.0000
40.0000,410.2524,259.0120,51.6947,38.1370,0.4835,9.0000
40.0000,151.6346,232.6298,51.6947,71.2620,0.4544,9.0000
40.0000,358.0769,266.4159,40.2524,38.1490,0.3690,9.0000
40.0000,97.0192,239.6490,66.3702,71.2501,0.2864,9.0000
36.0000,474.4712,144.1971,19.0144,71.2500,0.5620,14.0000
36.0000,0.0000,31.4928,500.0000,252.9808,0.5596,5.0000
36.0000,467.3918,143.9928,21.5505,71.2620,0.3532,14.0000
424.0000,125.6611,0.0000,85.2163,196.6827,0.5412,4.0000
424.0000,283.5577,85.0962,40.2524,117.4759,0.3538,4.0000
422.0000,0.0000,205.7091,442.5240,169.2909,0.6453,6.0000
422.0000,299.5072,134.7596,45.6130,133.1250,0.6248,14.0000
422.0000,290.2885,126.5505,45.6250,133.1250,0.2913,14.0000
396.0000,407.8966,259.6754,21.5505,15.9015,0.5307,0.0000
396.0000,426.1298,143.4375,21.5384,20.4207,0.4337,0.0000
396.0000,427.5962,233.0409,19.0144,15.8894,0.4126,0.0000
396.0000,437.2115,220.5649,19.0144,20.4087,0.3515,0.0000
396.0000,437.2115,161.3101,19.0144,23.1370,0.3507,0.0000
396.0000,413.8702,258.8221,24.4231,18.0168,0.3503,0.0000
396.0000,426.7909,241.0457,19.0144,15.9014,0.3101,0.0000
396.0000,434.9038,209.9880,24.4231,23.1370,0.3098,0.0000
396.0000,446.6226,182.1033,19.0144,20.4087,0.3098,0.0000
396.0000,409.3630,254.6033,19.0144,14.0264,0.3086,0.0000
396.0000,412.8485,250.2043,27.6683,20.4207,0.2897,0.0000
396.0000,447.3438,174.2908,16.7788,18.0048,0.2888,0.0000
396.0000,436.6106,153.8582,19.0144,20.4087,0.2690,0.0000
396.0000,442.6923,189.2187,27.6682,26.2140,0.2682,0.0000
396.0000,427.1875,138.4856,19.0144,15.9014,0.2670,0.0000
111.0000,120.4928,131.0409,40.2644,55.5048,0.5412,2.0000
111.0000,204.1586,126.9543,45.6130,62.8846,0.5203,2.0000
111.0000,129.2668,138.6611,35.5288,55.4928,0.3329,2.0000
111.0000,213.4495,130.7764,40.2524,71.2620,0.3117,2.0000
111.0000,210.9615,125.4880,45.6250,48.9784,0.2704,2.0000
23.0000,27.7404,118.4856,426.0817,137.0072,0.4790,0.0000
54.0000,180.6370,256.0865,31.3582,18.0168,0.4989,6.0000
54.0000,388.7260,256.8798,40.2524,14.0265,0.2892,6.0000
54.0000,202.3918,251.3870,66.3702,26.2139,0.2700,6.0000
100.0000,19.3510,8.0048,313.8582,323.9904,0.7245,11.0000
2.0000,16.4062,22.6803,471.9952,324.8317,0.4898,7.0000
2.0000,415.1202,9.3269,84.8798,193.6899,0.3952,4.0000
2.0000,325.5168,66.6587,51.6947,117.4760,0.3122,4.0000
75.0000,188.0529,148.0289,138.3173,94.1586,0.5777,2.0000
83.0000,134.6755,82.9808,85.2163,103.6779,0.4371,14.0000
83.0000,0.0000,73.7620,76.4663,103.6779,0.3739,14.0000
83.0000,193.0889,88.6538,180.7212,265.0000,0.3123,14.0000
334.0000,90.9736,3.9303,402.9928,367.1394,0.6646,18.0000
334.0000,81.6346,239.2067,19.0144,43.2212,0.5827,14.0000
334.0000,63.5216,239.4111,16.7788,43.2211,0.5198,14.0000
309.0000,246.6370,159.9279,40.2524,170.9255,0.3747,14.0000
309.0000,173.5841,149.0865,109.4351,248.7019,0.3123,14.0000
309.0000,218.4399,145.6731,58.5817,103.6779,0.2699,14.0000
317.0000,0.0000,0.0000,427.4760,375.0000,0.5794,14.0000
317.0000,408.1610,165.8894,19.0144,71.2620,0.4370,4.0000
317.0000,337.7524,151.7308,24.4110,80.7452,0.3957,4.0000
317.0000,332.4399,147.0673,19.0144,71.2500,0.3749,4.0000
317.0000,350.5168,38.9303,58.5817,170.9375,0.3749,14.0000
317.0000,358.5817,161.3462,24.4231,80.7452,0.3532,4.0000
30.0000,75.4567,109.9014,177.6202,57.1034,0.4778,18.0000
215.0000,270.6610,82.1034,45.6130,29.6995,0.2876,8.0000
215.0000,46.8990,101.3942,402.9928,252.3317,0.2638,10.0000
90.0000,80.9255,147.4639,96.5625,71.2620,0.4694,9.0000
94.0000,353.1130,329.2980,146.8870,64.7116,0.7473,6.0000
94.0000,235.3726,330.2235,96.5625,43.2212,0.7081,6.0000
94.0000,22.3918,315.5360,58.5817,48.9663,0.5827,6.0000
94.0000,142.2236,326.9663,51.6947,29.7115,0.5415,6.0000
94.0000,173.9423,324.3582,66.3702,38.1371,0.5412,6.0000
94.0000,97.5841,325.5721,45.6130,29.6995,0.4997,6.0000
94.0000,86.2861,328.4567,31.3582,23.1250,0.4578,6.0000
94.0000,90.6490,326.7139,40.2524,26.2139,0.3954,6.0000
94.0000,130.1082,327.1707,40.2644,29.6995,0.3538,6.0000
94.0000,4.9159,318.5529,19.0144,29.7115,0.3503,6.0000
94.0000,189.6995,332.6033,51.6947,33.6659,0.3123,6.0000
94.0000,144.6635,324.0457,45.6130,23.1370,0.3116,6.0000
94.0000,119.0985,324.5865,40.2524,33.6659,0.2911,6.0000
94.0000,150.4928,326.1971,75.2163,33.6538,0.2706,6.0000
94.0000,0.0000,318.5529,12.7404,29.7115,0.2564,6.0000
207.0000,10.2284,0.0000,487.5481,375.0000,0.7486,7.0000
168.0000,293.5938,90.3245,201.2740,175.9135,0.4996,18.0000
440.0000,81.9462,74.8385,119.0308,210.7038,0.3332,14.0000
301.0000,123.0168,1.5264,376.9832,367.1394,0.5399,14.0000
301.0000,94.3029,22.0673,31.3462,71.2500,0.3123,4.0000
141.0000,53.4736,203.3053,258.4375,171.6947,0.3485,17.0000
16.0000,218.9062,93.0457,156.7428,94.1586,0.6035,3.0000
16.0000,7.7644,51.0144,31.3462,71.2500,0.4989,14.0000
16.0000,356.5985,147.7091,45.6130,29.6995,0.4789,3.0000
16.0000,229.3149,126.7957,138.3293,57.1034,0.3539,3.0000
16.0000,228.8461,342.7693,13.0649,26.2019,0.3525,14.0000
16.0000,359.6755,136.0745,40.2644,38.1490,0.3330,3.0000
16.0000,183.9183,251.4952,45.6250,33.6659,0.3325,3.0000
16.0000,103.2332,58.6947,35.5288,55.4928,0.2741,14.0000
16.0000,215.7332,59.6202,96.5745,71.2620,0.2707,3.0000
31.0000,3.5817,48.1731,472.0072,286.6707,0.4163,6.0000
433.0000,266.9591,70.1298,177.6202,175.9135,0.2705,7.0000
496.0000,103.8702,313.7981,40.2524,150.8534,0.6664,14.0000
496.0000,172.1394,338.0769,122.0673,106.6947,0.6444,6.0000
243.0000,219.3726,219.2668,96.5745,280.7332,0.4159,14.0000
490.0000,454.8317,64.7620,40.2524,117.4760,0.5623,4.0000
490.0000,413.2572,100.7115,51.6947,103.6779,0.5207,4.0000
490.0000,0.0000,80.3269,500.0000,286.6707,0.4988,14.0000
490.0000,422.7043,112.0337,45.6130,117.4760,0.3541,4.0000
490.0000,450.7812,68.3438,35.5288,91.4904,0.2707,4.0000
360.0000,317.1755,116.6586,66.3701,170.9255,0.4787,14.0000
360.0000,262.7284,118.0168,40.2524,71.2620,0.3955,14.0000
360.0000,254.5673,133.9664,58.5697,117.4760,0.3942,14.0000
360.0000,81.6587,148.0168,201.2620,175.9135,0.2914,13.0000
360.0000,252.0312,127.8365,45.6130,71.2500,0.2897,14.0000
360.0000,307.9447,144.9038,85.2284,170.9255,0.2503,14.0000
427.0000,0.0000,275.7572,375.0000,224.2428,0.6665,10.0000
427.0000,7.0433,277.9928,45.6130,48.9784,0.4772,8.0000
427.0000,8.9784,275.4688,58.5697,71.2620,0.2697,8.0000
427.0000,17.7885,275.1322,58.5697,55.5048,0.2692,8.0000
456.0000,231.2019,169.4567,45.6130,117.4760,0.6870,14.0000
456.0000,304.6875,162.6418,51.6827,133.1250,0.6455,14.0000
456.0000,420.2644,175.1058,51.6947,33.6658,0.5479,9.0000
456.0000,17.6202,185.8870,51.6947,48.9663,0.4599,9.0000
456.0000,415.6971,179.7211,45.6130,33.6539,0.2629,9.0000
488.0000,155.2332,253.4976,58.5817,80.7452,0.5613,8.0000
314.0000,228.7380,15.2644,109.4351,103.6779,0.2699,19.0000
443.0000,381.0697,14.2981,35.5288,103.6779,0.5623,14.0000
443.0000,91.9351,106.7860,258.4375,175.9135,0.5615,13.0000
443.0000,399.6995,13.3005,35.5288,103.6779,0.5205,14.0000
443.0000,241.2139,23.7692,45.6130,80.7452,0.5205,14.0000
443.0000,428.5457,47.7356,71.4543,71.2620,0.5115,13.0000
443.0000,0.0000,41.5457,53.7260,103.6779,0.4590,13.0000
443.0000,388.3293,7.0024,40.2524,117.4760,0.4579,14.0000
443.0000,198.5817,52.3269,35.5288,62.8846,0.4352,14.0000
443.0000,112.7163,15.7764,177.6202,83.1010,0.3887,6.0000
443.0000,473.3654,17.1587,24.4231,55.4928,0.3523,14.0000
443.0000,39.3269,34.4423,66.3702,117.4760,0.3478,13.0000
443.0000,375.1442,26.6058,31.3582,91.4904,0.3123,14.0000
443.0000,261.8750,5.7404,140.5168,80.7452,0.3115,6.0000
443.0000,194.2908,57.3029,159.4952,206.3822,0.2912,14.0000
443.0000,243.8942,15.0673,40.2524,62.8846,0.2910,14.0000
443.0000,91.1418,41.7500,96.5625,103.6779,0.2892,13.0000
443.0000,52.5841,23.1202,40.2644,103.6779,0.2850,14.0000
443.0000,411.6106,19.1899,31.3462,91.4904,0.2702,14.0000
267.0000,40.8774,123.4856,24.4111,80.7452,0.6040,4.0000
267.0000,86.3221,219.4471,27.6683,80.7452,0.5832,4.0000
267.0000,11.6106,227.6082,27.6683,103.6779,0.5207,4.0000
267.0000,475.8654,213.5697,19.0144,71.2620,0.5203,4.0000
267.0000,145.8774,78.2212,21.5505,55.4928,0.4999,4.0000
267.0000,183.9423,84.7476,21.5385,62.8846,0.4998,4.0000
267.0000,180.0000,84.3389,19.0144,62.8846,0.4997,4.0000
267.0000,51.4904,327.4159,24.4231,47.5841,0.4791,4.0000
267.0000,113.2091,141.6346,16.7788,62.8846,0.4790,4.0000
267.0000,12.0673,26.4543,21.5385,62.8846,0.4790,4.0000
267.0000,62.2115,141.4303,19.0144,62.8846,0.4789,4.0000
267.0000,140.8654,74.1226,21.5505,62.8846,0.4581,4.0000
267.0000,456.6346,217.7524,19.0144,62.8846,0.4372,4.0000
267.0000,68.3173,319.2067,24.4231,55.4928,0.4166,4.0000
267.0000,119.8197,145.1322,16.7788,55.4928,0.4165,4.0000
267.0000,78.7740,55.3005,21.5385,62.8846,0.4164,4.0000
267.0000,72.9567,55.3005,21.5505,62.8846,0.4161,4.0000
267.0000,448.5457,206.2861,16.7788,48.9663,0.3957,4.0000
267.0000,6.7188,26.4543,19.0144,62.8846,0.3956,4.0000
267.0000,88.7260,156.2260,159.4832,206.3822,0.3951,14.0000
267.0000,58.4856,316.1178,27.6683,58.8822,0.3749,4.0000
267.0000,118.6298,136.7188,21.5505,55.4928,0.3540,4.0000
267.0000,48.0649,123.8942,27.6683,80.7452,0.3539,4.0000
267.0000,64.9159,157.0072,14.8077,48.9663,0.3539,4.0000
267.0000,70.6250,333.1610,19.0144,41.8390,0.3332,4.0000
267.0000,59.7115,223.7861,24.4111,71.2620,0.3329,4.0000
267.0000,82.7764,223.9904,21.5505,71.2500,0.3124,4.0000
267.0000,219.7236,98.2692,204.7836,265.0000,0.2915,14.0000
267.0000,448.4255,217.5601,19.0144,62.8846,0.2913,4.0000
267.0000,467.0553,217.7524,19.0144,62.8846,0.2913,4.0000
399.0000,90.0361,180.7933,376.0217,155.2404,0.6666,6.0000
399.0000,10.0481,190.6010,45.6130,80.7452,0.4732,14.0000
118.0000,142.7043,190.8533,21.5505,48.9784,0.6432,14.0000
408.0000,133.1370,5.0048,313.8582,323.9904,0.3541,2.0000
275.0000,240.5409,136.0913,228.0529,120.9135,0.5619,7.0000
438.0000,312.2596,88.7740,58.5697,71.2500,0.4165,2.0000
438.0000,216.5024,60.0240,58.5817,91.4904,0.2704,2.0000
357.0000,183.4385,41.8769,105.0462,164.0885,0.3541,14.0000
357.0000,67.7538,84.9154,341.4231,242.2384,0.3122,12.0000
368.0000,172.2356,129.0986,58.5697,80.7452,0.5624,14.0000
368.0000,241.4423,121.3341,75.2043,133.1250,0.5623,14.0000
368.0000,183.1130,294.3630,16.7788,55.5048,0.4789,4.0000
368.0000,302.7524,135.2644,66.3701,103.6779,0.3956,14.0000
368.0000,92.1995,137.3077,85.2283,80.7452,0.3748,14.0000
368.0000,150.9014,130.7332,85.2163,91.4904,0.3747,14.0000
368.0000,75.8774,146.9231,58.5817,80.7452,0.3540,14.0000
368.0000,299.3389,176.5865,75.2043,193.7019,0.3332,14.0000
368.0000,0.0000,221.6226,375.0000,278.3774,0.3236,10.0000
368.0000,0.0000,191.2019,156.6707,300.2885,0.3121,14.0000
368.0000,155.0721,182.4639,16.7788,29.6995,0.2761,4.0000
368.0000,137.4159,136.4303,51.6947,62.8846,0.2707,14.0000
368.0000,31.6226,169.5673,109.4351,150.8533,0.2707,14.0000
276.0000,142.7764,288.1851,156.7548,83.0889,0.5238,8.0000
276.0000,363.3293,205.8774,31.3582,48.9784,0.4467,8.0000
276.0000,196.7067,291.6947,96.5745,71.2620,0.3498,8.0000
276.0000,354.9159,199.9399,31.3582,43.2211,0.3119,8.0000
276.0000,39.1226,242.4880,85.2163,55.4928,0.2890,17.0000
276.0000,284.3149,199.9399,35.5288,43.2211,0.2569,8.0000
53.0000,13.1971,7.4880,472.0072,324.8317,0.4324,8.0000
53.0000,139.1827,10.9736,58.5697,91.4904,0.3954,15.0000
405.0000,43.3293,65.0120,416.5385,252.9808,0.6593,7.0000
26.0000,33.2692,4.7476,430.2644,385.5048,0.7805,2.0000
392.0000,149.6274,238.7909,258.4375,83.0889,0.4165,18.0000
392.0000,385.2404,113.2861,45.6250,43.2211,0.3538,19.0000
347.0000,94.6731,105.3000,119.0423,185.9423,0.4165,14.0000
284.0000,202.2236,231.8149,40.2644,103.6779,0.2694,4.0000
389.0000,171.3462,153.1646,29.7692,28.2115,0.6243,6.0000
389.0000,246.3231,154.6669,33.7362,28.2046,0.6236,6.0000
389.0000,108.2631,216.4346,43.3177,24.8954,0.6035,6.0000
389.0000,204.7292,205.1223,38.2292,36.2215,0.6034,6.0000
389.0000,111.2677,177.8869,38.2292,36.2215,0.4778,6.0000
389.0000,196.7054,174.5915,33.7431,31.9708,0.4562,6.0000
389.0000,202.3062,93.6054,20.4646,15.0993,0.4162,6.0000
389.0000,190.7100,84.0931,33.7362,24.8954,0.3530,6.0000
389.0000,182.9215,78.7831,38.2292,24.8954,0.3529,6.0000
389.0000,196.3038,179.2092,43.3177,31.9639,0.3518,6.0000
389.0000,107.3700,114.0769,23.1854,19.3846,0.2670,6.0000
369.0000,235.5048,106.4159,201.2620,136.9952,0.6035,11.0000
361.0000,108.8702,57.2212,376.0096,199.3269,0.7492,6.0000
307.0000,211.6827,143.1034,138.3293,30.5649,0.4139,3.0000
209.0000,4.3630,273.4784,58.5817,43.2211,0.4988,6.0000
209.0000,36.1178,165.1130,355.6490,222.6803,0.4544,5.0000
209.0000,7.2716,275.4135,35.5288,38.1370,0.3952,6.0000
209.0000,391.5985,237.4447,108.4015,246.5553,0.3316,6.0000
435.0000,113.8462,76.5865,355.6490,285.9254,0.6616,14.0000
92.0000,398.4254,159.2909,96.5746,215.7091,0.6873,14.0000
92.0000,80.6851,116.8870,58.5817,55.4928,0.4974,19.0000
92.0000,6.7788,163.1731,109.4351,193.6899,0.4791,14.0000
123.0000,127.5240,42.9327,313.8582,285.9255,0.5620,11.0000
450.0000,0.0000,109.5312,500.0000,223.2452,0.6039,0.0000
99.0000,41.7308,162.7043,416.5385,197.0193,0.6876,17.0000
99.0000,241.1658,147.0072,180.7212,206.3822,0.3331,14.0000
152.0000,270.8413,203.9183,24.4231,14.0385,0.6409,2.0000
152.0000,206.5986,188.6178,35.5288,26.2139,0.6036,2.0000
152.0000,101.2260,188.8221,35.5288,26.2019,0.5830,2.0000
152.0000,142.8245,189.5312,51.6947,43.2211,0.5623,2.0000
152.0000,1.6707,196.8630,66.3702,48.9784,0.5618,2.0000
152.0000,91.8510,185.2885,40.2524,33.6658,0.4996,2.0000
152.0000,138.3774,185.4928,58.5817,33.6659,0.4790,2.0000
152.0000,77.7163,207.2476,27.6683,26.2140,0.4785,2.0000
152.0000,203.8341,178.8582,40.2524,29.6995,0.4580,2.0000
152.0000,136.0457,178.6538,45.6130,29.7115,0.4374,2.0000
152.0000,206.1779,146.2260,21.5385,14.0385,0.4367,2.0000
152.0000,72.0192,195.9135,40.2524,33.6539,0.3954,2.0000
152.0000,91.2500,181.2019,40.2524,26.2139,0.3538,2.0000
152.0000,332.7885,227.0072,75.2043,103.6779,0.2978,11.0000
142.0000,102.0192,204.5505,75.2043,91.4904,0.4370,8.0000
451.0000,111.6346,18.9976,75.2043,91.4904,0.5546,13.0000
451.0000,73.5096,125.6202,258.4255,175.9134,0.4369,13.0000
451.0000,385.6731,19.3942,85.2284,91.4904,0.4321,13.0000
451.0000,0.0000,13.8534,147.2836,94.1587,0.3953,13.0000
451.0000,376.0577,197.7115,85.2284,38.1370,0.3942,3.0000
451.0000,327.5961,24.5625,66.3702,80.7452,0.2831,13.0000
451.0000,184.6755,43.7572,159.4952,233.8702,0.2705,14.0000
349.0000,32.3438,108.3534,376.0216,175.9135,0.4770,2.0000
165.0000,115.6875,39.5745,74.3942,149.2212,0.5207,14.0000
165.0000,35.6899,29.2764,95.6899,159.0000,0.4787,14.0000
165.0000,174.1514,49.9159,95.6899,140.3149,0.4139,14.0000
434.0000,14.7957,45.6226,472.0072,252.9808,0.6249,6.0000
434.0000,428.5457,39.8173,71.4543,281.8149,0.4160,14.0000
434.0000,385.2885,48.8438,66.3702,91.4904,0.3951,14.0000
60.0000,13.4135,156.7548,258.4255,155.2404,0.3492,11.0000
60.0000,279.8317,51.5865,180.7211,300.2764,0.2700,14.0000
138.0000,90.6731,46.7404,313.8461,252.3317,0.4150,12.0000
138.0000,219.3269,18.5312,109.4230,170.9375,0.3124,14.0000
421.0000,34.1740,67.4481,69.5337,65.8731,0.5619,19.0000
188.0000,48.7019,194.9038,45.6250,33.6659,0.4999,14.0000
188.0000,168.1731,195.1082,40.2524,33.6659,0.4788,14.0000
188.0000,113.3774,164.5553,51.6947,55.5048,0.4371,14.0000
188.0000,175.7812,190.5289,40.2644,43.2211,0.4162,14.0000
188.0000,71.0216,194.5072,40.2524,33.6659,0.3747,14.0000
188.0000,170.8654,190.0000,51.6947,80.7452,0.3326,14.0000
188.0000,4.8678,149.5914,416.5384,223.2572,0.3280,3.0000
188.0000,173.7740,149.8798,124.0024,219.4711,0.3124,14.0000
188.0000,220.9014,216.8510,228.0649,155.2404,0.3119,3.0000
188.0000,45.8654,202.5240,51.6947,33.6539,0.2915,14.0000
159.0000,208.5457,116.5240,291.4543,155.2404,0.6665,18.0000
446.0000,12.3918,45.3173,472.0072,252.9808,0.7023,6.0000
482.0000,183.8678,155.6610,51.6947,62.8846,0.5682,7.0000
482.0000,103.4471,168.9663,40.2524,55.4928,0.4526,7.0000
285.0000,17.1995,25.8774,472.0072,324.8437,0.2708,10.0000
84.0000,172.4038,0.0000,313.8462,315.0481,0.4346,3.0000
84.0000,125.3486,256.8149,31.3582,62.8846,0.3511,14.0000
84.0000,17.0192,223.3894,51.6947,71.2500,0.2914,3.0000
84.0000,20.0962,115.0961,66.3702,193.6899,0.2705,3.0000
84.0000,0.0000,294.2668,147.2836,73.3293,0.2702,3.0000
84.0000,134.6274,257.8365,24.4111,43.2212,0.2696,14.0000
473.0000,104.9159,13.0986,31.3582,103.6779,0.5414,4.0000
473.0000,188.1611,196.1875,35.5288,103.6779,0.5207,4.0000
473.0000,56.8870,143.0024,51.6947,133.1250,0.5206,4.0000
473.0000,242.2115,6.4038,45.6250,117.4760,0.5195,4.0000
473.0000,231.2019,199.5048,45.6130,117.4760,0.4999,4.0000
473.0000,290.0962,0.0000,45.6130,131.5000,0.4967,4.0000
473.0000,141.0938,12.7019,35.5288,103.6779,0.4787,4.0000
473.0000,178.9543,4.4808,35.5289,103.6779,0.4785,4.0000
473.0000,20.8654,13.4952,45.6130,103.6779,0.4784,4.0000
473.0000,334.7356,0.0000,51.6827,131.8966,0.4780,4.0000
473.0000,60.7091,97.0168,24.4111,71.2620,0.4580,4.0000
473.0000,206.0336,19.3966,40.2524,91.4904,0.4567,4.0000
473.0000,43.7740,101.0072,19.0144,62.8846,0.4374,4.0000
473.0000,149.6995,170.2620,35.5288,117.4760,0.4164,4.0000
473.0000,58.7260,0.0000,45.6130,115.0577,0.4153,4.0000
473.0000,121.2620,12.4976,35.5288,103.6779,0.3956,4.0000
473.0000,66.6947,97.2212,27.6683,71.2500,0.3955,4.0000
473.0000,164.8798,90.6226,24.4111,103.6779,0.3748,4.0000
473.0000,154.6394,90.8269,27.6683,103.6779,0.3747,4.0000
473.0000,145.2163,83.7236,27.6683,117.4759,0.3746,4.0000
473.0000,32.5601,141.2115,40.2524,117.4760,0.3540,4.0000
473.0000,112.5240,150.6346,31.3582,117.4760,0.3539,4.0000
473.0000,106.1178,142.6058,31.3582,133.1250,0.3534,4.0000
473.0000,108.0769,83.7236,40.2524,117.4759,0.3332,4.0000
473.0000,392.5962,0.0000,107.4038,122.4856,0.3332,14.0000
473.0000,288.0048,90.8269,31.3582,103.6779,0.3331,4.0000
473.0000,149.3029,4.6851,35.5288,103.6779,0.3330,4.0000
473.0000,108.8822,5.9952,40.2524,117.4760,0.3330,4.0000
473.0000,288.4856,182.6178,45.6250,150.3822,0.3330,4.0000
473.0000,142.2957,162.4375,35.5288,133.1250,0.3328,4.0000
473.0000,85.2885,92.0769,31.3462,80.7452,0.3120,4.0000
473.0000,8.7620,148.1106,31.3582,103.6779,0.3119,4.0000
473.0000,170.9375,12.4976,35.5288,103.6779,0.3115,4.0000
473.0000,16.0938,82.8582,35.5288,80.7452,0.3115,4.0000
473.0000,214.2428,13.3029,40.2644,103.6779,0.3115,4.0000
473.0000,116.8029,176.5601,24.4111,103.6779,0.2914,4.0000
473.0000,185.9976,92.7380,40.2644,117.4759,0.2914,4.0000
473.0000,349.0625,22.3173,40.2524,103.6779,0.2912,4.0000
473.0000,250.2284,92.7380,45.6130,117.4759,0.2706,4.0000
473.0000,15.8894,148.3149,35.5288,103.6779,0.2705,4.0000
294.0000,222.1033,187.2837,228.0649,175.9135,0.4370,13.0000
329.0000,17.0072,107.2091,482.8125,137.0072,0.5414,0.0000
248.0000,47.8053,195.3005,258.4255,175.9135,0.7290,6.0000
266.0000,14.7957,20.7668,472.0072,286.6587,0.6640,6.0000
412.0000,6.2260,0.0000,487.5481,375.0000,0.4705,14.0000
85.0000,17.1995,102.1803,472.0072,252.9808,0.5331,7.0000
297.0000,200.8774,52.0192,156.7428,106.6947,0.5903,19.0000
19.0000,10.7933,72.5216,472.0072,285.4784,0.5620,13.0000
155.0000,197.4399,120.2404,201.2740,120.9015,0.4790,18.0000
155.0000,403.9182,219.9039,66.3702,117.4760,0.4071,1.0000
155.0000,253.1370,110.1803,201.2620,137.0072,0.3749,18.0000
331.0000,172.4038,197.2404,177.6202,44.4832,0.4305,3.0000
331.0000,188.4375,205.1010,177.6202,50.3967,0.3515,3.0000
331.0000,249.3990,208.6947,51.6827,43.2211,0.3393,14.0000
331.0000,305.3005,172.2163,14.8077,18.0168,0.3119,14.0000
38.0000,30.5769,181.5505,313.8461,285.9375,0.4575,6.0000
55.0000,192.5601,74.6082,85.2283,117.4759,0.6248,14.0000
55.0000,229.1587,255.6298,27.6682,78.3702,0.5207,4.0000
55.0000,59.6755,103.1538,159.4952,230.8462,0.5201,14.0000
55.0000,308.3533,103.8510,85.2164,117.4760,0.3124,14.0000
55.0000,367.1274,116.6875,132.8726,206.3942,0.2913,14.0000
413.0000,110.0721,122.7043,376.0096,155.2404,0.5204,6.0000
52.0000,216.4062,198.4135,85.2164,55.4928,0.5769,5.0000
52.0000,340.7332,213.1971,27.6683,23.1250,0.5199,6.0000
52.0000,323.9423,202.5000,45.6250,29.6995,0.4100,6.0000
52.0000,330.1923,211.9952,35.5288,23.1250,0.3530,6.0000
47.0000,125.6731,7.0192,66.3702,62.8846,0.4404,11.0000
47.0000,107.4279,44.5313,355.6490,285.9375,0.3932,7.0000
172.0000,8.4014,15.9928,283.1971,194.8990,0.6425,17.0000
364.0000,0.0000,73.9687,453.1490,252.9808,0.4998,6.0000
364.0000,270.0240,107.4543,27.6682,48.9784,0.4371,14.0000
362.0000,0.0000,0.0000,455.3125,375.0000,0.3334,17.0000
362.0000,27.6562,0.0000,430.2644,375.0000,0.2716,14.0000
150.0000,152.1995,254.7596,58.5817,117.4760,0.5546,11.0000
150.0000,264.0745,252.9567,85.2284,117.4760,0.5411,14.0000
150.0000,2.5601,350.3606,156.7428,94.1587,0.5036,7.0000
150.0000,0.0000,199.7476,95.5649,71.2620,0.3486,17.0000
444.0000,130.3365,116.3606,177.6202,120.9134,0.6239,12.0000
444.0000,182.5601,82.8269,66.3702,117.4759,0.4999,14.0000
444.0000,168.8341,89.9183,58.5697,103.6779,0.2707,14.0000
136.0000,8.0048,9.7212,51.6947,133.1250,0.6038,14.0000
136.0000,118.0048,83.9038,24.4111,62.8846,0.4372,4.0000
136.0000,46.1779,110.9471,426.0817,137.0072,0.3318,7.0000
387.0000,0.0000,187.0553,50.4808,48.9663,0.7290,6.0000
387.0000,62.2957,188.4495,96.5625,48.9784,0.6037,6.0000
387.0000,158.9543,194.6875,40.2644,29.6995,0.5205,6.0000
387.0000,160.6490,189.4711,51.6947,29.7115,0.4572,6.0000
387.0000,271.0577,171.8990,45.6250,43.2211,0.3372,18.0000
363.0000,8.0048,194.2428,51.6947,91.4904,0.4790,14.0000
363.0000,46.5385,74.2668,416.5385,223.2572,0.4274,5.0000
269.0000,0.0000,73.1827,435.8654,252.3317,0.4577,6.0000
397.0000,139.8197,180.4399,96.5625,71.2620,0.7279,16.0000
397.0000,325.5168,202.1947,51.6947,48.9784,0.7041,16.0000
397.0000,336.5985,126.2812,85.2164,48.9663,0.6036,16.0000
166.0000,221.8269,72.0409,66.3702,80.7452,0.6248,14.0000
166.0000,120.8534,82.6539,75.2043,80.7452,0.5831,14.0000
166.0000,279.0986,72.8462,85.2283,80.7452,0.5828,14.0000
166.0000,17.2236,125.6587,51.6947,71.2620,0.4938,8.0000
166.0000,66.2620,210.6106,156.7428,120.9135,0.4559,8.0000
166.0000,81.2861,87.4014,58.5817,71.2620,0.4371,14.0000
166.0000,216.7428,224.4327,96.5625,103.6778,0.3947,8.0000
166.0000,200.1202,58.9519,51.6827,71.2620,0.3540,14.0000
166.0000,59.4832,115.7909,159.4832,206.3822,0.3537,14.0000
166.0000,319.2909,83.2188,159.4952,233.8702,0.3532,14.0000
166.0000,1.6346,121.5240,45.6130,80.7452,0.3053,8.0000
166.0000,22.9447,115.3101,40.2524,55.5048,0.2880,8.0000
166.0000,289.3870,50.0817,10.1682,29.7115,0.2703,4.0000
166.0000,14.7236,121.0312,40.2644,62.8846,0.2653,8.0000
166.0000,8.0048,129.9375,51.6947,80.7452,0.2619,8.0000
98.0000,421.5385,163.0264,35.5288,91.4904,0.6856,14.0000
407.0000,135.4688,209.6274,85.2283,80.7452,0.7071,16.0000
407.0000,433.1611,190.9976,66.3701,80.7452,0.6010,16.0000
407.0000,357.2235,203.9543,85.2284,71.2620,0.5602,16.0000
305.0000,70.5769,65.3365,355.6490,252.3317,0.6739,1.0000
337.0000,48.1370,165.1082,416.5384,197.0192,0.4247,17.0000
448.0000,74.5793,25.5745,416.5385,286.6587,0.6513,7.0000
73.0000,145.0961,32.8173,354.9039,252.3317,0.8532,5.0000
442.0000,151.6586,252.0433,292.8365,120.9134,0.4374,10.0000
442.0000,247.3918,98.9904,51.6947,71.2500,0.4164,14.0000
442.0000,196.5024,135.3606,96.5745,133.1250,0.3748,14.0000
442.0000,266.9952,149.6875,109.4351,103.6779,0.3534,14.0000
442.0000,235.1322,103.2572,58.5817,80.7452,0.3330,14.0000
477.0000,15.2067,47.9327,402.9928,324.0024,0.5410,19.0000
341.0000,13.1971,70.7284,472.0072,285.2716,0.6017,14.0000
242.0000,66.2452,88.3245,338.4195,139.7163,0.4788,6.0000
147.0000,78.8582,389.4591,201.2620,50.4086,0.5827,3.0000
147.0000,230.3606,401.0337,96.5745,33.6659,0.3120,3.0000
44.0000,5.4207,17.3918,487.5480,340.2163,0.3793,17.0000
391.0000,374.4591,174.6034,85.2164,91.4904,0.6001,11.0000
391.0000,253.9663,145.3726,58.5697,133.1250,0.5794,11.0000
391.0000,150.3005,148.4856,75.2043,103.6779,0.5546,11.0000
391.0000,0.0000,35.2885,53.7260,219.4832,0.5199,14.0000
391.0000,250.2524,37.3678,85.2283,193.6899,0.4327,14.0000
117.0000,92.8966,98.0985,331.8389,155.2404,0.8124,6.0000
109.0000,56.0577,58.7861,109.4351,150.8534,0.4164,6.0000
109.0000,129.2188,79.4231,292.8485,199.3269,0.3958,6.0000
339.0000,242.9447,278.7861,228.0529,96.2139,0.3924,2.0000
339.0000,142.3798,148.2452,156.7428,137.0072,0.3120,2.0000
419.0000,65.5048,104.6466,51.6827,170.9255,0.5623,14.0000
419.0000,7.7644,90.1875,31.3462,103.6779,0.4790,14.0000
330.0000,156.3101,57.1851,343.6899,275.8149,0.6655,7.0000
212.0000,0.0601,8.7380,355.6490,366.2620,0.5380,14.0000
388.0000,14.7957,172.8053,472.0072,223.2572,0.7124,17.0000
313.0000,109.8317,0.1971,355.6490,323.9904,0.5832,11.0000
313.0000,5.3966,71.8918,96.5745,103.6779,0.4313,8.0000
345.0000,3.3391,36.2492,300.3296,237.4784,0.4989,12.0000
468.0000,403.1010,172.0312,85.2284,117.4760,0.4573,19.0000
468.0000,238.9543,98.4735,204.7837,265.0000,0.3747,14.0000
468.0000,13.1971,147.9928,472.0072,223.2452,0.2741,17.0000
32.0000,19.0745,208.1851,11.5264,23.1370,0.4715,14.0000
32.0000,16.4062,46.5264,471.9952,197.0192,0.3537,0.0000
32.0000,17.9087,203.5336,13.0649,20.4207,0.3175,14.0000
32.0000,47.3918,207.5841,10.1803,23.1370,0.2897,14.0000
203.0000,42.5977,0.0000,348.1858,274.2784,0.6247,6.0000
21.0000,12.3918,25.5745,472.0072,286.6587,0.5169,14.0000
344.0000,123.5457,98.4952,228.0649,155.2404,0.6874,6.0000
226.0000,218.6058,147.7764,122.0793,106.6947,0.6843,16.0000
226.0000,362.2476,74.9279,35.5288,62.8846,0.5325,9.0000
226.0000,1.0096,106.4663,24.4231,55.4928,0.4526,16.0000
226.0000,331.9952,83.4856,35.5288,48.9784,0.3528,9.0000
226.0000,348.3894,71.3462,45.6130,71.2500,0.2888,9.0000
352.0000,10.0721,0.0000,75.2043,119.4471,0.3133,14.0000
265.0000,94.0986,115.4808,331.8389,199.3269,0.7077,6.0000
148.0000,30.0361,106.0721,180.7212,206.3942,0.4582,14.0000
148.0000,460.2885,186.8413,31.3462,62.8846,0.3935,14.0000
148.0000,210.3125,101.5529,204.7836,230.4471,0.3748,14.0000
492.0000,61.2620,125.1298,58.5697,150.8533,0.5623,14.0000
492.0000,418.7260,154.5048,75.2043,71.2620,0.3951,3.0000
492.0000,9.8437,131.8005,45.6130,117.4759,0.3748,14.0000
492.0000,414.7356,171.8005,66.3702,55.5048,0.3120,3.0000
492.0000,7.8726,135.6827,35.5288,71.2500,0.2913,14.0000
200.0000,146.6947,72.7572,353.3053,324.0024,0.4357,11.0000
180.0000,147.7260,226.4062,85.2284,248.7020,0.5624,14.0000
180.0000,135.8269,322.9928,109.4231,170.9255,0.3101,1.0000
160.0000,225.7572,52.6490,96.5625,219.4832,0.4790,14.0000
160.0000,127.1514,162.7812,228.0649,171.2188,0.2700,12.0000
478.0000,132.3317,24.6995,313.8582,324.0024,0.4784,14.0000
478.0000,102.4159,87.6322,75.2163,150.8533,0.2704,14.0000
268.0000,409.9158,86.6947,35.5288,38.1490,0.3332,14.0000
268.0000,246.8630,108.5697,35.5288,33.6659,0.3332,14.0000
268.0000,381.0697,95.7091,35.5288,38.1490,0.3332,14.0000
268.0000,374.1466,98.1490,31.3582,33.6659,0.3124,14.0000
268.0000,400.5048,87.1034,35.5288,38.1370,0.2915,14.0000
268.0000,250.6250,106.1298,45.6250,38.1370,0.2913,14.0000
268.0000,390.8894,87.5000,35.5289,38.1370,0.2706,14.0000
210.0000,286.8269,59.1947,109.4351,150.8413,0.4582,14.0000
210.0000,187.2596,98.9904,58.5697,71.2500,0.4373,14.0000
210.0000,401.8149,44.1106,98.1851,219.4711,0.3749,14.0000
210.0000,246.2500,88.8702,75.2043,91.4904,0.3749,14.0000
210.0000,380.0000,57.1995,96.5745,193.6899,0.3124,14.0000
210.0000,103.4615,216.4543,396.5385,155.2404,0.3120,10.0000
273.0000,77.0673,169.8798,138.3293,137.0072,0.6196,16.0000
273.0000,337.4399,183.0048,124.0024,191.9952,0.4390,16.0000
7.0000,3.9399,260.2524,124.0024,219.4832,0.4784,14.0000
7.0000,135.8269,228.8822,109.4231,271.1178,0.3954,14.0000
7.0000,280.0817,271.4904,51.6827,23.1250,0.3497,6.0000
7.0000,199.7091,251.0336,58.5817,219.4832,0.2706,14.0000
130.0000,153.9062,6.3341,346.0938,367.1394,0.2870,14.0000
453.0000,8.3894,84.2308,472.0072,286.6707,0.4164,11.0000
332.0000,45.4928,0.0000,454.5072,375.0000,0.4160,14.0000
308.0000,46.6226,109.3894,156.7548,175.9134,0.2907,16.0000
81.0000,12.4399,76.8918,403.0048,285.9255,0.6034,7.0000
327.0000,11.6466,29.5072,402.9928,324.0024,0.5146,14.0000
327.0000,13.2452,75.7812,402.9928,285.9375,0.2516,8.0000
229.0000,76.9832,27.1034,355.6490,324.0024,0.5755,7.0000
402.0000,11.5986,32.2957,471.9952,324.8317,0.5833,6.0000
223.0000,10.8413,60.5288,402.9928,252.3317,0.7698,6.0000
223.0000,391.8870,51.6587,35.5288,29.6995,0.3307,15.0000
223.0000,391.6947,45.3846,35.5288,26.2139,0.2670,15.0000
131.0000,5.4688,166.4904,75.2043,33.6659,0.4651,6.0000
131.0000,269.6875,311.4423,85.2284,23.5577,0.4158,6.0000
131.0000,27.2356,177.5721,51.6947,23.1250,0.3330,6.0000
350.0000,10.0212,0.0000,407.8038,270.0000,0.7041,12.0000
96.0000,225.7572,138.4952,258.4255,120.9135,0.5206,18.0000
96.0000,48.1370,154.9135,85.2163,71.2500,0.4131,18.0000
469.0000,356.8269,85.9110,85.2284,133.1250,0.7006,11.0000
469.0000,37.2356,55.2260,109.4231,193.7019,0.5607,11.0000
324.0000,116.2500,98.9231,355.6490,222.6923,0.5214,14.0000
379.0000,16.4183,0.0000,51.6947,80.2404,0.6816,16.0000
379.0000,46.6226,202.7284,156.7548,137.0072,0.4780,16.0000
458.0000,403.9062,22.7909,85.2164,43.2212,0.6457,6.0000
458.0000,14.0024,23.9207,471.9952,223.2572,0.6450,6.0000
458.0000,333.5937,24.5817,35.5288,20.4207,0.6034,6.0000
458.0000,0.0000,16.2764,190.3726,83.1010,0.5623,6.0000
458.0000,472.7404,21.5168,27.2596,48.9784,0.3827,6.0000
458.0000,333.5937,17.4183,35.5288,23.1250,0.3722,6.0000
458.0000,21.9591,14.2572,201.2740,64.7115,0.3539,6.0000
417.0000,0.0000,42.5601,500.0000,286.6707,0.7706,6.0000
157.0000,1.9832,11.5264,159.4952,265.0000,0.3954,14.0000
157.0000,157.0673,87.8365,24.4111,55.4928,0.3924,4.0000
157.0000,162.6442,87.4399,27.6682,55.4928,0.2692,4.0000
50.0000,156.9832,137.6394,201.2620,137.0072,0.6664,6.0000
487.0000,161.0577,186.3702,51.6827,91.4904,0.3503,8.0000
487.0000,148.5938,200.9615,58.5817,80.7452,0.3297,8.0000
487.0000,193.3413,196.4904,45.6130,71.2500,0.2702,8.0000
499.0000,1.0577,77.0673,85.2284,133.1250,0.6208,8.0000
499.0000,72.1755,7.1394,355.6490,367.1394,0.6043,14.0000
134.0000,66.6346,183.9543,308.3654,285.9375,0.2888,11.0000
120.0000,70.8053,99.0505,376.0216,199.3390,0.6036,6.0000
437.0000,289.5312,21.0168,66.3702,48.9784,0.4998,6.0000
437.0000,124.3510,19.1899,31.3461,91.4904,0.4346,14.0000
437.0000,248.1971,28.7091,51.6827,71.2620,0.3747,14.0000
437.0000,23.6298,28.0120,96.5745,91.4904,0.3690,13.0000
437.0000,13.1971,78.2764,472.0072,252.7236,0.3308,13.0000
437.0000,260.8413,14.4663,45.6250,62.8846,0.2857,14.0000
279.0000,284.5192,0.0000,35.5288,77.4279,0.4361,14.0000
279.0000,270.2163,2.6322,27.6683,71.2620,0.3316,14.0000
279.0000,294.7236,19.9279,75.2163,55.4928,0.2668,8.0000
15.0000,325.7091,176.2139,27.6683,91.4904,0.6244,14.0000
15.0000,0.0000,160.3005,29.6995,103.6779,0.5201,14.0000
15.0000,20.6490,170.9615,24.4111,80.7452,0.5181,14.0000
15.0000,96.6226,121.6346,66.3702,103.6779,0.3749,14.0000
15.0000,6.4784,160.3005,35.5288,103.6779,0.3525,14.0000
15.0000,77.7885,121.4423,66.3702,103.6779,0.3330,14.0000
15.0000,315.9736,177.5240,35.5288,103.6779,0.2697,14.0000
465.0000,53.6298,130.8894,331.8389,120.9134,0.6249,18.0000
393.0000,47.7043,1.5264,402.9928,367.1394,0.7901,13.0000
124.0000,228.9663,156.4784,51.6827,71.2620,0.6036,14.0000
124.0000,73.8462,251.6466,177.6202,120.9014,0.4813,8.0000
124.0000,336.8029,169.1106,66.3702,103.6779,0.4567,14.0000
124.0000,433.5577,216.7908,66.3702,103.6779,0.4121,8.0000
124.0000,0.0000,213.8702,50.0841,91.4904,0.3718,8.0000
124.0000,452.5481,214.4711,45.6250,91.4904,0.3316,8.0000
124.0000,232.1995,175.1082,45.6130,71.2620,0.3080,14.0000
124.0000,241.8149,206.2861,45.6130,48.9663,0.2682,8.0000
257.0000,38.9663,132.4567,123.9904,193.6899,0.3332,14.0000
257.0000,319.2909,39.3077,159.4952,265.0000,0.2705,14.0000
48.0000,231.1178,163.6659,31.3582,18.0168,0.4733,2.0000
86.0000,53.3053,62.1394,403.0048,252.3317,0.5832,7.0000
241.0000,250.2644,74.0144,66.3702,80.7452,0.6025,14.0000
241.0000,325.7212,65.6611,51.6827,117.4760,0.5832,14.0000
241.0000,159.7115,53.3293,75.2043,103.6779,0.5623,14.0000
241.0000,361.6346,66.0577,75.2043,117.4760,0.5207,14.0000
241.0000,125.2284,70.8654,45.6130,48.9784,0.4371,14.0000
241.0000,437.0553,94.2428,58.5817,80.7452,0.4162,14.0000
241.0000,17.3798,250.8414,138.3173,120.9134,0.4147,8.0000
241.0000,4.7957,97.8486,96.5745,150.8534,0.3536,14.0000
241.0000,384.6875,117.1154,66.3702,91.4904,0.3124,14.0000
241.0000,365.8413,85.2885,85.2284,117.4760,0.2707,14.0000
241.0000,408.0408,89.6635,91.9592,281.8149,0.2705,14.0000
241.0000,120.3005,68.4736,40.2524,38.1370,0.2702,14.0000
101.0000,207.7154,10.2346,43.8000,99.5308,0.4156,14.0000
326.0000,5.6250,4.5577,390.0385,395.4423,0.5769,0.0000
132.0000,145.5889,142.5601,228.0529,106.7068,0.3538,2.0000
132.0000,151.6586,196.4183,292.8365,155.2404,0.2704,2.0000
222.0000,224.9159,50.6130,58.5817,91.4904,0.6243,14.0000
222.0000,84.7356,46.5625,51.6827,80.7452,0.5617,14.0000
222.0000,317.1755,79.2548,66.3701,91.4904,0.4371,14.0000
222.0000,14.0024,211.9471,471.9952,163.0529,0.3747,10.0000
222.0000,0.0000,258.1731,66.2380,116.8269,0.3744,8.0000
222.0000,295.3365,176.1058,35.5288,71.2620,0.3536,4.0000
222.0000,111.4303,88.8702,75.2163,91.4904,0.3316,14.0000
222.0000,96.6106,94.9039,85.2284,117.4760,0.3297,14.0000
222.0000,138.5817,157.2836,58.5697,71.2500,0.3175,8.0000
222.0000,360.8293,77.6683,75.2164,133.1250,0.3123,14.0000
222.0000,331.5264,88.0409,96.5625,150.8413,0.3123,14.0000
222.0000,1.7428,117.5601,140.7452,206.3822,0.3122,14.0000
222.0000,357.5120,108.3413,140.7451,206.3942,0.2911,14.0000
222.0000,198.2211,154.7476,19.0144,55.4928,0.2694,4.0000
359.0000,227.2236,130.8510,75.2043,62.8846,0.3722,18.0000
359.0000,240.9375,139.4447,228.0649,73.3413,0.2915,18.0000
93.0000,169.7236,197.3942,75.2163,103.6779,0.5830,14.0000
93.0000,90.9976,135.1226,75.2163,170.9255,0.5624,14.0000
93.0000,1.6346,146.7572,45.6130,150.8534,0.4160,14.0000
93.0000,176.4784,190.8918,96.5625,117.4760,0.2706,14.0000
196.0000,195.7091,103.2043,96.5625,150.8413,0.5570,9.0000
196.0000,344.7356,75.6562,27.6683,33.6659,0.4653,9.0000
91.0000,132.7885,84.9135,109.4231,133.1250,0.3104,0.0000
480.0000,207.5961,115.2139,35.5289,33.6659,0.4162,14.0000
480.0000,98.4856,88.9639,201.2620,175.9135,0.3541,6.0000
480.0000,153.9183,53.1466,66.3702,43.2211,0.3104,14.0000
480.0000,198.9784,117.3894,35.5288,29.7115,0.2912,14.0000
82.0000,8.8702,293.3053,355.6490,206.6947,0.2897,10.0000
186.0000,413.7139,248.7500,85.2284,117.4760,0.4790,8.0000
186.0000,38.5216,162.7043,416.5384,197.0193,0.4079,17.0000
186.0000,200.0961,123.9543,109.4231,117.4760,0.3540,14.0000
186.0000,295.6490,114.5433,109.4231,117.4759,0.3331,14.0000
186.0000,33.7139,89.4111,355.6490,285.5889,0.3017,14.0000
186.0000,17.8005,113.8341,204.7837,233.8702,0.2914,14.0000
416.0000,33.4135,59.8774,58.5697,48.9784,0.4581,19.0000
416.0000,370.0481,121.7163,75.2043,80.7452,0.4580,19.0000
416.0000,48.3053,68.5433,45.6130,33.6538,0.4373,19.0000
416.0000,41.8269,118.3750,58.5697,48.9784,0.4165,19.0000
416.0000,450.1202,139.8654,49.8798,62.8846,0.4159,19.0000
416.0000,215.7332,201.5000,96.5745,131.5000,0.3957,8.0000
416.0000,0.8534,198.7115,85.2284,117.4760,0.3956,8.0000
416.0000,74.9159,115.3101,51.6947,55.5048,0.3748,19.0000
416.0000,349.9159,72.3534,58.5817,62.8846,0.3746,19.0000
416.0000,351.0697,79.1082,40.2524,48.9784,0.3742,19.0000
306.0000,253.9303,130.6130,201.2741,137.0072,0.5397,17.0000
271.0000,13.7500,58.3534,313.8461,316.6466,0.3044,7.0000
122.0000,88.9308,57.3000,128.8077,112.5846,0.4367,9.0000
185.0000,50.8534,140.6058,449.1466,193.3942,0.4544,18.0000
102.0000,15.6010,44.9639,472.0072,286.6707,0.5769,17.0000
436.0000,6.6418,155.2885,96.5625,103.6779,0.5596,19.0000
436.0000,118.4928,29.6875,66.3702,103.6779,0.3331,15.0000
79.0000,211.5986,47.5817,85.2163,170.9255,0.4582,14.0000
79.0000,96.2740,77.1971,313.8582,252.3318,0.4368,12.0000
79.0000,0.0000,81.7764,30.6971,20.4087,0.3946,6.0000
79.0000,337.4038,112.9183,66.3702,193.7019,0.2546,14.0000
470.0000,171.6466,136.2764,109.4351,71.2620,0.4745,11.0000
133.0000,75.3846,143.9783,416.5385,223.2572,0.4780,6.0000
498.0000,87.3317,157.7909,27.6683,62.8846,0.6664,14.0000
498.0000,357.9567,163.0913,27.6683,55.4928,0.6456,14.0000
498.0000,196.9712,143.1034,122.0793,106.6947,0.6442,12.0000
498.0000,54.1466,157.7909,35.5288,62.8846,0.5821,14.0000
498.0000,459.7235,171.3005,27.6683,55.5048,0.5620,14.0000
498.0000,456.1418,173.9688,24.4111,48.9663,0.5620,14.0000
498.0000,135.0000,149.9784,27.6683,62.8846,0.5620,14.0000
498.0000,221.5865,108.7524,45.6130,103.6779,0.5416,14.0000
498.0000,406.6346,159.7981,27.6682,62.8846,0.5205,14.0000
498.0000,411.6466,169.9062,27.6683,55.4928,0.3535,14.0000
498.0000,432.6803,177.6466,27.6683,43.2211,0.2876,14.0000
498.0000,217.2476,107.1298,40.2644,71.2620,0.2707,14.0000
277.0000,137.1394,45.1418,313.8582,252.3317,0.4556,12.0000
277.0000,111.8389,124.1082,75.2043,170.9255,0.3523,14.0000
214.0000,6.3281,7.0300,438.7933,392.9699,0.5466,11.0000
10.0000,0.8534,106.0817,85.2284,193.6899,0.6455,14.0000
10.0000,115.8534,124.1106,66.3702,193.6899,0.5624,14.0000
10.0000,81.2861,145.1082,58.5817,170.9255,0.5414,14.0000
10.0000,151.5745,225.9735,177.6202,136.9952,0.4579,1.0000
10.0000,164.3630,116.0336,124.0024,248.7019,0.4165,14.0000
10.0000,463.5577,278.0048,24.4110,38.1370,0.3485,14.0000
10.0000,0.0000,183.9904,91.7548,150.8534,0.3086,1.0000
10.0000,86.7909,120.6250,85.2284,219.4832,0.2914,14.0000
140.0000,2.6611,30.7812,331.3390,436.8389,0.7189,7.0000
69.0000,0.0000,67.5481,500.0000,307.4519,0.7492,10.0000
351.0000,43.8221,245.9255,228.0649,106.7068,0.4296,17.0000
262.0000,74.5793,9.8894,355.6490,252.3317,0.3969,11.0000
328.0000,4.4712,171.3702,35.5288,80.7452,0.6246,14.0000
328.0000,165.2164,128.6178,156.7428,136.9952,0.5623,6.0000
328.0000,466.9952,146.5264,21.5385,55.5048,0.4996,14.0000
328.0000,473.6659,146.5264,19.0144,55.5048,0.4160,14.0000
202.0000,61.6226,69.3317,201.2740,120.9135,0.7456,11.0000
202.0000,316.5625,178.8870,85.2284,43.2211,0.2714,11.0000
290.0000,141.7077,35.3231,42.4769,85.2000,0.4165,14.0000
290.0000,100.4692,73.2462,128.8077,99.3538,0.3538,12.0000
376.0000,280.5889,118.9038,140.7452,182.1274,0.4580,14.0000
376.0000,475.8654,101.1995,19.0144,62.8846,0.4370,4.0000
376.0000,466.4543,101.0072,19.0144,62.8846,0.3954,4.0000
376.0000,454.1346,101.0072,24.4231,62.8846,0.3953,4.0000
376.0000,0.9856,93.0385,180.7211,233.8582,0.3747,14.0000
376.0000,126.9832,101.8486,159.4952,231.1514,0.3123,14.0000
376.0000,464.1586,162.5938,24.4111,55.4928,0.2702,4.0000
105.0000,150.6971,8.5072,349.3029,324.0024,0.4157,11.0000
22.0000,13.1971,105.0841,472.0072,252.9808,0.4898,17.0000
22.0000,219.3269,90.2644,109.4230,281.8149,0.3747,14.0000
22.0000,78.7139,123.2572,159.4832,233.8582,0.3266,14.0000
22.0000,161.4303,106.4183,109.4351,248.7019,0.2706,14.0000
460.0000,88.8341,107.2091,376.0216,137.0072,0.7496,6.0000
252.0000,208.9423,198.8221,291.0577,155.2404,0.4135,17.0000
135.0000,0.0000,257.2332,221.4062,73.3414,0.6665,6.0000
135.0000,263.4135,243.6154,236.5865,89.3846,0.6228,6.0000
135.0000,240.0481,248.5312,66.3702,55.4928,0.5403,6.0000
135.0000,244.1466,252.8341,58.5817,33.6659,0.3308,6.0000
113.0000,149.9038,27.9087,350.0962,323.9904,0.4567,14.0000
163.0000,433.5577,118.0168,66.3702,71.2620,0.4945,13.0000
163.0000,401.1058,108.4014,35.5288,71.2620,0.4745,14.0000
163.0000,235.9014,140.3486,201.2740,83.0889,0.4142,13.0000
163.0000,394.9038,122.8846,66.3702,80.7452,0.4092,13.0000
163.0000,36.0577,123.4856,51.6827,80.7452,0.3535,14.0000
163.0000,15.2764,117.2837,75.2163,150.8534,0.3515,14.0000
163.0000,197.8486,146.4303,201.2620,94.1586,0.3328,13.0000
163.0000,4.3990,145.1082,96.5745,170.9255,0.3311,13.0000
163.0000,452.7524,113.1851,45.6130,62.8846,0.3209,13.0000
163.0000,418.0288,113.6779,58.5697,80.7452,0.2695,13.0000
163.0000,448.7861,110.5289,35.5288,48.9784,0.2589,14.0000
34.0000,11.5986,35.1418,471.9952,197.0192,0.6245,0.0000
224.0000,273.8942,96.1178,75.2043,38.1370,0.6643,0.0000
224.0000,13.1971,88.2332,472.0072,286.6707,0.3540,0.0000
175.0000,0.0000,0.0000,500.0000,378.0000,0.4335,11.0000
255.0000,4.7957,194.4351,96.5745,91.4904,0.3690,11.0000
255.0000,446.2740,12.1514,53.7260,91.4904,0.2908,14.0000
255.0000,14.0024,148.7860,471.9952,223.2572,0.2662,17.0000
139.0000,158.9062,29.5433,75.2163,150.8533,0.4374,14.0000
139.0000,259.7115,214.4711,124.0024,91.4904,0.3071,9.0000
106.0000,19.9519,67.6322,335.0961,432.3678,0.3743,15.0000
195.0000,13.1971,6.7668,472.0072,223.2572,0.9565,6.0000
103.0000,49.7356,125.0721,85.2284,170.9255,0.5828,14.0000
103.0000,37.2356,183.8341,109.4231,133.1250,0.4342,1.0000
119.0000,109.8317,47.0529,355.6490,222.6803,0.3117,3.0000
230.0000,111.2380,0.0000,35.5288,103.0048,0.6249,4.0000
230.0000,214.3510,1.3702,24.4231,80.7452,0.5416,4.0000
230.0000,183.0769,4.8197,27.6682,91.4904,0.5415,4.0000
230.0000,239.7356,0.7692,31.3461,80.7452,0.5415,4.0000
230.0000,169.9399,5.6130,35.5288,91.4904,0.5414,4.0000
230.0000,160.5168,5.6130,35.5288,91.4904,0.4998,4.0000
230.0000,327.5961,254.0264,66.3702,133.1250,0.4582,4.0000
230.0000,145.0240,0.0000,27.6683,102.8005,0.4581,4.0000
230.0000,222.1635,1.1779,24.4231,80.7452,0.4166,4.0000
230.0000,153.3894,5.4207,31.3582,91.4904,0.3957,4.0000
230.0000,250.0120,4.9159,24.4111,71.2620,0.3749,4.0000
230.0000,192.2957,4.8197,27.6683,91.4904,0.3749,4.0000
230.0000,131.4784,0.0000,35.5288,102.8005,0.3745,4.0000
230.0000,203.5096,9.9880,27.6683,80.7452,0.2916,4.0000
230.0000,106.3221,0.0000,31.3462,88.4976,0.2916,4.0000
230.0000,231.9591,1.1779,27.6682,80.7452,0.2707,4.0000
467.0000,56.4663,160.5048,109.4231,103.6779,0.5158,8.0000
259.0000,0.0000,0.0000,500.0000,357.0000,0.7289,6.0000
390.0000,145.8894,2.1010,354.1106,323.9904,0.3115,7.0000
171.0000,30.2260,0.0000,31.3582,48.3293,0.4582,4.0000
171.0000,22.8221,0.0000,31.3462,51.7909,0.3540,4.0000
171.0000,15.1779,163.3173,313.8582,324.0024,0.3314,11.0000
272.0000,52.1875,157.2836,40.2524,71.2500,0.6238,14.0000
272.0000,255.2043,140.0601,96.5625,219.4832,0.6036,14.0000
272.0000,90.2524,147.2596,40.2524,71.2620,0.5819,14.0000
272.0000,162.2356,125.0481,109.4231,248.7019,0.5623,14.0000
335.0000,437.6082,250.7572,40.2524,38.1490,0.5596,16.0000
335.0000,428.1370,330.4807,71.8630,44.5193,0.5164,16.0000
335.0000,273.1611,225.1683,201.2740,137.0072,0.3122,16.0000
335.0000,0.0000,123.0529,226.5986,233.8582,0.2705,14.0000
45.0000,377.7043,210.2885,40.2644,117.4760,0.6247,14.0000
45.0000,276.8389,203.2692,51.6947,133.1250,0.6031,14.0000
45.0000,414.7235,270.3245,85.2164,55.5048,0.4822,11.0000
45.0000,280.1082,285.2644,85.2163,62.8846,0.4633,11.0000
45.0000,3.5096,227.0072,40.2524,103.6779,0.3316,8.0000
193.0000,17.5481,32.3798,335.0962,436.8389,0.5349,14.0000
193.0000,58.5457,17.1514,75.2163,91.4904,0.4790,14.0000
193.0000,268.6178,3.7620,96.5745,117.4760,0.4755,14.0000
72.0000,275.1683,116.6034,201.2620,94.1587,0.4974,2.0000
72.0000,72.3077,151.3630,258.4255,64.7115,0.2703,2.0000
282.0000,16.4538,38.0156,264.1707,96.2490,0.5412,6.0000
76.0000,338.5216,107.2836,159.4952,265.0000,0.5620,14.0000
76.0000,31.0337,114.6394,159.4832,233.8582,0.4789,14.0000
76.0000,194.2908,80.4327,159.4952,294.5673,0.4578,14.0000
325.0000,67.0553,152.4062,156.7548,136.9952,0.3538,12.0000
325.0000,223.1370,9.5337,159.4952,206.3822,0.2706,14.0000
325.0000,230.1202,27.8389,138.3173,120.9014,0.2702,14.0000
385.0000,163.7260,101.3942,66.3702,219.4832,0.6665,14.0000
385.0000,92.0072,111.2139,75.2043,219.4832,0.6246,14.0000
385.0000,221.6226,92.7885,66.3702,219.4711,0.6038,14.0000
385.0000,337.9928,57.9447,85.2284,248.7019,0.6038,14.0000
385.0000,409.2428,48.9303,90.7572,248.7019,0.6037,14.0000
385.0000,275.3005,68.5577,75.2043,248.7019,0.5830,14.0000
385.0000,14.4111,117.0312,96.5745,248.7019,0.5823,14.0000
312.0000,0.0000,0.0000,500.0000,311.4543,0.7703,0.0000
312.0000,212.8005,101.8029,85.2163,219.4711,0.4373,14.0000
261.0000,11.2404,31.5745,379.7115,436.8510,0.7456,14.0000
169.0000,13.5793,162.5240,313.8582,323.9904,0.5751,1.0000
169.0000,9.9856,402.8365,177.6202,94.1586,0.4572,11.0000
278.0000,197.5120,173.4111,96.5625,55.4928,0.4355,0.0000
278.0000,188.4495,183.2188,138.3293,57.1034,0.3742,0.0000
430.0000,145.1803,185.3341,228.0649,137.0072,0.5411,10.0000
430.0000,129.7957,208.7236,96.5745,117.4760,0.3744,8.0000
430.0000,255.3606,209.8173,156.7428,120.9015,0.3297,8.0000
366.0000,53.2332,117.8966,331.8389,155.2404,0.5611,13.0000
366.0000,146.0216,60.4687,159.4832,206.3822,0.3748,14.0000
400.0000,255.1082,93.3053,119.8918,361.8630,0.4788,14.0000
400.0000,89.3149,78.6298,109.4351,410.0480,0.4580,14.0000
415.0000,144.3870,97.4038,228.0529,120.9014,0.4364,17.0000
415.0000,292.8245,189.9279,58.5817,43.2211,0.3690,15.0000
471.0000,80.9856,61.3341,355.6490,252.3317,0.7079,6.0000
67.0000,89.3029,145.5048,58.5697,170.9255,0.6247,4.0000
67.0000,170.6731,145.5048,51.6827,170.9255,0.6247,4.0000
67.0000,24.3990,164.5553,58.5697,150.8534,0.6243,4.0000
67.0000,443.9423,145.7091,45.6130,170.9255,0.6243,4.0000
67.0000,235.7332,144.6995,58.5817,170.9375,0.6243,4.0000
67.0000,379.7716,134.5192,58.5697,193.7019,0.6036,4.0000
67.0000,306.6827,124.9038,51.6947,193.7019,0.5618,4.0000
67.0000,141.4904,173.2211,35.5288,133.1250,0.5414,4.0000
67.0000,317.2957,141.4303,27.6683,62.8846,0.4582,4.0000
67.0000,7.9567,172.0312,31.3582,117.4760,0.4368,4.0000
67.0000,251.0096,135.9135,24.4231,55.4928,0.3957,4.0000
67.0000,174.1106,109.7235,45.6130,48.9784,0.3748,14.0000
67.0000,277.3918,154.5913,31.3582,133.1250,0.3329,4.0000
67.0000,177.1875,108.7740,40.2524,33.6539,0.3123,14.0000
380.0000,16.5625,282.5481,177.6202,64.7115,0.4164,18.0000
380.0000,4.3389,293.0649,201.2620,73.3293,0.4162,18.0000
57.0000,317.9687,116.2452,85.2164,71.2500,0.5466,8.0000
57.0000,54.3510,27.3630,35.5288,55.5048,0.4870,14.0000
57.0000,425.9856,109.6106,40.2524,62.8846,0.3331,15.0000
57.0000,67.5000,30.8245,27.6683,48.9784,0.3292,14.0000
57.0000,241.4543,129.0457,66.3702,62.8846,0.3077,17.0000
57.0000,418.7740,104.6947,40.2524,55.4928,0.2914,15.0000
146.0000,74.7356,156.5144,292.8365,137.0072,0.3957,2.0000
146.0000,68.1731,51.9711,355.6490,252.3317,0.3124,2.0000
355.0000,51.6587,98.3726,448.3413,252.9807,0.4580,18.0000
246.0000,21.2139,97.0072,471.9952,197.0192,0.3932,6.0000
291.0000,131.5986,137.7740,258.4375,83.0889,0.6248,6.0000
291.0000,427.5360,148.4832,72.4640,62.8846,0.5622,6.0000
291.0000,16.2861,142.7620,35.5288,55.4928,0.4705,1.0000
342.0000,184.1226,44.4808,45.6130,62.8846,0.3952,14.0000
342.0000,231.6346,251.1274,66.3702,91.4904,0.3944,14.0000
342.0000,169.6875,225.3702,292.8365,137.0072,0.3301,17.0000
342.0000,35.8654,224.9735,292.8485,136.9952,0.3109,17.0000
342.0000,14.0024,214.9495,471.9952,158.0505,0.3053,17.0000
485.0000,40.4447,29.8822,159.4952,300.2764,0.4369,14.0000
485.0000,208.1490,114.8101,291.8510,199.3390,0.3952,12.0000
219.0000,105.5168,22.3918,31.3582,48.9664,0.3098,14.0000
219.0000,279.6274,88.8582,180.7212,265.0000,0.2700,14.0000
219.0000,105.1202,24.8077,31.3462,29.7115,0.2696,14.0000
161.0000,153.5457,46.5192,124.0024,193.6899,0.4582,14.0000
161.0000,0.6611,182.7211,85.2163,150.8533,0.4576,14.0000
161.0000,227.4279,62.2764,35.5288,103.6779,0.3332,14.0000
161.0000,107.8245,134.0913,140.5168,133.1250,0.3297,1.0000
74.0000,105.1527,188.1277,153.4639,38.4335,0.3539,18.0000
74.0000,106.7415,169.1758,94.5519,69.7638,0.3107,18.0000
179.0000,18.0048,63.4135,472.0072,252.9808,0.8744,6.0000
403.0000,202.5841,116.9111,85.2163,91.4904,0.4321,11.0000
310.0000,162.8245,230.5168,58.5697,48.9784,0.4580,19.0000
61.0000,108.8702,129.4639,376.0096,106.7067,0.3332,18.0000
20.0000,28.5096,19.9976,66.3702,91.4904,0.6643,8.0000
20.0000,206.2861,19.8894,58.5817,71.2620,0.5181,8.0000
20.0000,167.6562,47.1851,96.5745,170.9255,0.3529,11.0000
20.0000,133.4135,24.5649,51.6827,80.7452,0.3098,8.0000
154.0000,192.6082,116.4784,124.0024,150.8534,0.2914,19.0000
14.0000,161.6106,46.4279,156.7428,137.0072,0.4135,19.0000
14.0000,323.5457,211.4399,16.7788,48.9663,0.3117,4.0000
14.0000,94.5192,35.3462,109.4351,133.1250,0.3117,19.0000
37.0000,14.0024,4.0841,471.9952,324.8318,0.6778,18.0000
149.0000,205.0361,129.0385,40.2524,71.2500,0.4988,3.0000
149.0000,201.6707,136.4423,31.3582,71.2620,0.3538,3.0000
286.0000,90.1683,0.0000,402.9928,281.0000,0.5996,14.0000
286.0000,82.0553,2.2909,201.2740,136.9952,0.4365,19.0000
486.0000,28.8918,179.5793,292.8485,199.3389,0.4995,11.0000
225.0000,15.6010,29.2692,472.0072,286.6707,0.6874,0.0000
228.0000,418.0288,126.9351,58.5697,91.4904,0.6438,8.0000
228.0000,59.1466,127.2356,85.2284,71.2500,0.5617,19.0000
228.0000,244.4952,119.5433,40.2524,48.9784,0.5201,8.0000
228.0000,208.8702,155.4928,177.6202,120.9014,0.4590,14.0000
228.0000,283.1610,124.7596,40.2524,38.1370,0.3942,8.0000
228.0000,368.4976,110.3245,40.2524,48.9784,0.3525,8.0000
228.0000,357.4038,119.3389,45.6130,48.9784,0.2993,8.0000
158.0000,19.4591,141.1178,45.6130,80.7452,0.6411,11.0000
158.0000,118.1490,190.3966,58.5697,80.7452,0.4785,15.0000
158.0000,296.1418,151.8510,35.5289,20.4207,0.3071,11.0000
158.0000,107.2356,156.5745,66.3702,91.4904,0.2915,15.0000
158.0000,304.8317,152.6562,31.3582,18.0048,0.2752,11.0000
208.0000,17.1995,163.5096,472.0072,197.0192,0.5391,17.0000
208.0000,203.5336,227.9688,24.4231,62.8846,0.4374,4.0000
208.0000,326.5144,262.0432,27.6682,71.2620,0.4166,4.0000
208.0000,88.2812,147.2115,140.7452,206.3822,0.3942,14.0000
208.0000,321.7307,257.6202,24.4111,62.8846,0.2916,4.0000
281.0000,261.4423,147.4183,45.6250,103.6779,0.3956,2.0000
12.0000,169.6875,200.8534,292.8365,64.7115,0.3541,18.0000
227.0000,71.3702,56.7548,355.6490,318.2452,0.5195,14.0000
220.0000,254.6034,26.5841,96.5625,193.6899,0.5769,11.0000
220.0000,145.7692,44.7572,140.7452,233.8702,0.2905,14.0000
295.0000,62.9567,125.6611,75.2043,117.4760,0.5411,14.0000
295.0000,335.0841,138.4615,156.7548,106.5385,0.4986,14.0000
295.0000,26.6346,99.3630,51.6947,55.4928,0.4788,14.0000
295.0000,373.1731,148.8702,109.4230,91.4904,0.4581,14.0000
295.0000,265.6851,42.7043,75.2043,91.4904,0.4159,14.0000
295.0000,7.0673,134.8558,122.0793,106.6947,0.3920,14.0000
295.0000,0.2524,115.9856,85.2284,80.7452,0.3532,14.0000
295.0000,1.0577,132.9567,85.2284,103.6779,0.3331,14.0000
295.0000,10.6851,105.4808,66.3702,62.8846,0.2910,14.0000
295.0000,289.5312,172.3918,66.3702,62.8846,0.2703,8.0000
89.0000,113.8462,5.5288,355.6490,367.1394,0.4510,14.0000
89.0000,70.8173,36.4784,40.2524,43.2212,0.2914,14.0000
89.0000,132.0072,45.2764,51.6947,62.8846,0.2706,14.0000
77.0000,279.9038,159.1226,75.2043,170.9375,0.4576,14.0000
87.0000,15.6010,62.7404,472.0072,312.2596,0.8321,10.0000
87.0000,244.3870,21.9591,96.5625,91.4904,0.5411,8.0000
87.0000,404.9038,56.8510,85.2284,117.4759,0.2705,8.0000
236.0000,154.2283,200.0240,156.7548,155.2404,0.3119,18.0000
236.0000,28.4952,219.5913,292.8366,120.9135,0.2914,18.0000
25.0000,216.1418,82.9808,96.5625,103.6779,0.5411,14.0000
25.0000,294.7957,215.6490,201.2740,155.2404,0.3122,16.0000
318.0000,382.9808,236.0577,109.4351,98.9423,0.5823,14.0000
318.0000,389.5793,179.7236,58.5817,62.8846,0.4784,6.0000
318.0000,408.2452,184.7596,91.7548,71.2500,0.4575,6.0000
318.0000,171.1538,158.8942,13.0649,62.8846,0.2700,14.0000
216.0000,149.0986,7.7019,350.9014,324.0024,0.5829,14.0000
127.0000,17.9087,173.4375,13.0649,38.1370,0.5413,14.0000
127.0000,341.1057,147.4639,58.5697,71.2620,0.4789,14.0000
127.0000,64.6034,103.0649,426.0817,155.2404,0.4374,5.0000
127.0000,9.0625,172.8365,11.5264,38.1370,0.3098,14.0000
127.0000,0.9255,172.6322,10.1683,38.1490,0.3044,14.0000
127.0000,358.5817,141.3462,24.4231,26.2019,0.2914,14.0000
127.0000,18.7740,111.3822,331.8389,137.0072,0.2707,5.0000
322.0000,86.5264,176.3942,96.5745,193.6899,0.5415,14.0000
322.0000,0.0000,168.5216,67.2476,248.7019,0.4787,14.0000
322.0000,95.9495,236.2500,96.5625,170.9255,0.2885,13.0000
199.0000,133.9423,145.8654,313.8461,222.6923,0.3920,2.0000
1.0000,131.1418,122.3654,177.6202,106.6947,0.5831,18.0000
375.0000,10.0361,82.1995,403.0048,285.9255,0.6247,7.0000
174.0000,202.3918,112.3918,66.3702,62.8846,0.3748,14.0000
174.0000,244.5553,0.0000,58.5697,116.8269,0.3744,14.0000
174.0000,229.3149,247.8846,31.3582,80.7452,0.3536,4.0000
174.0000,88.7260,88.6538,159.4832,265.0000,0.3124,14.0000
174.0000,327.9087,90.2404,172.0913,284.7596,0.2706,14.0000
174.0000,164.1346,0.0000,66.3702,142.3317,0.2704,14.0000
201.0000,38.1250,121.2380,66.3702,103.6779,0.5201,3.0000
201.0000,280.0721,191.5625,45.6250,23.1250,0.4163,3.0000
201.0000,376.0336,142.7164,45.6130,80.7452,0.3952,3.0000
201.0000,277.0433,200.3245,51.6827,18.0168,0.3747,3.0000
201.0000,122.3438,204.6755,31.3582,10.9255,0.3117,3.0000
201.0000,440.4567,205.2764,31.3462,10.9255,0.3086,3.0000
201.0000,167.1755,193.5216,40.2524,18.0048,0.2706,3.0000
300.0000,227.0192,188.7500,75.2043,103.6779,0.5202,8.0000
300.0000,67.3678,174.0264,85.2163,133.1250,0.5184,8.0000
300.0000,262.5721,196.4183,228.0649,155.2404,0.3119,17.0000
35.0000,84.5553,84.6034,403.0048,285.9255,0.6627,14.0000
418.0000,94.6755,6.4087,313.8582,323.9904,0.4760,13.0000
418.0000,248.3894,0.0000,51.6947,71.0240,0.3951,14.0000
418.0000,97.5841,0.4591,45.6130,91.4904,0.3120,14.0000
476.0000,81.7740,150.5409,24.4231,55.4928,0.4569,4.0000
476.0000,64.8510,150.5409,19.0144,55.4928,0.4567,4.0000
476.0000,95.8005,216.3101,14.8077,38.1370,0.3942,4.0000
476.0000,124.4423,218.5457,14.8077,33.6659,0.3940,4.0000
476.0000,104.6106,216.3101,14.8077,38.1370,0.3527,4.0000
476.0000,87.5673,150.5409,27.6683,55.4928,0.3323,4.0000
476.0000,75.7764,153.5938,16.7788,48.9783,0.3323,4.0000
476.0000,87.0505,218.7500,13.0649,33.6538,0.3114,4.0000
476.0000,54.9712,150.3365,21.5385,55.4928,0.3112,4.0000
476.0000,76.7620,216.7067,14.8077,38.1370,0.2699,4.0000
476.0000,116.6659,218.5457,11.5265,33.6659,0.2696,4.0000
8.0000,413.3173,261.9471,85.2284,91.4904,0.6387,9.0000
8.0000,0.0000,0.0000,426.6707,375.0000,0.6030,9.0000
24.0000,446.4183,299.0385,19.0144,38.1370,0.3111,14.0000
114.0000,4.2356,178.5336,124.0024,248.7019,0.3742,14.0000
114.0000,249.3918,157.4039,75.2043,117.4759,0.3328,14.0000
78.0000,313.7620,223.3846,35.5288,91.4904,0.4337,8.0000
78.0000,88.3654,91.5938,45.6250,48.9783,0.4162,15.0000
78.0000,240.8534,227.1106,66.3702,103.6779,0.4135,8.0000
78.0000,263.7860,233.0000,58.5697,91.4904,0.3460,8.0000
78.0000,279.1106,223.9856,66.3702,91.4904,0.3209,8.0000
78.0000,325.0721,220.1394,31.3462,80.7452,0.3069,8.0000
78.0000,0.0000,278.8774,271.8269,97.1226,0.2708,10.0000
198.0000,167.6562,40.2260,96.5745,91.4904,0.4789,19.0000
420.0000,133.9664,326.6466,156.7428,83.0890,0.5621,6.0000
184.0000,168.7380,255.0481,35.5288,103.6779,0.4999,4.0000
184.0000,436.8630,162.1635,58.5697,193.7019,0.4373,14.0000
184.0000,0.0000,149.6755,91.3582,219.4832,0.3954,14.0000
184.0000,126.9832,89.8438,159.4952,285.1562,0.3954,14.0000
184.0000,440.6971,162.0192,51.6947,117.4760,0.3123,14.0000
184.0000,79.1106,98.0649,159.4832,265.0000,0.3122,14.0000
184.0000,252.3918,123.6538,159.4831,233.8582,0.2915,14.0000
184.0000,324.3149,236.2260,51.6947,103.6779,0.2915,4.0000
63.0000,423.9062,111.6226,45.6130,103.6779,0.5833,14.0000
63.0000,364.3269,117.8125,31.3582,71.2620,0.5620,14.0000
63.0000,92.0072,123.0889,35.5288,80.7452,0.4995,14.0000
63.0000,319.5192,119.3389,24.4231,48.9784,0.4974,14.0000
63.0000,160.8534,117.9207,51.6947,91.4904,0.4791,14.0000
63.0000,110.3125,144.6394,177.6202,137.0072,0.4782,12.0000
63.0000,363.5336,146.1659,136.4664,106.7067,0.4781,12.0000
63.0000,54.1466,150.2885,75.2043,103.6779,0.4772,12.0000
63.0000,254.1707,137.7764,58.5697,48.9663,0.4286,12.0000
63.0000,418.9784,114.0745,40.2524,80.7452,0.4165,14.0000
63.0000,81.6346,127.8365,40.2524,71.2500,0.4162,14.0000
63.0000,270.0481,123.0168,24.4111,43.2211,0.4142,14.0000
63.0000,312.9567,141.0697,75.2043,103.6779,0.3938,12.0000
63.0000,263.1250,126.0938,40.2524,55.5048,0.3829,12.0000
63.0000,366.3702,119.5913,27.6682,33.6538,0.3120,14.0000
63.0000,266.3341,121.3702,19.0144,29.6995,0.3118,14.0000
63.0000,263.6298,122.6202,24.4231,43.2211,0.3095,14.0000
63.0000,272.3438,121.5625,19.0144,29.7115,0.2912,14.0000
63.0000,144.6995,123.1490,66.3702,117.4759,0.2699,14.0000
63.0000,340.4447,123.0048,40.2644,62.8846,0.2682,14.0000
373.0000,0.0000,44.1707,500.0000,286.6586,0.3741,3.0000
426.0000,12.3918,65.5865,472.0072,197.0192,0.3944,0.0000
426.0000,26.9471,97.2332,426.0817,120.9015,0.3940,0.0000
164.0000,4.3630,258.1731,58.5817,116.8269,0.5410,4.0000
164.0000,363.1490,49.2187,109.4351,133.1250,0.4365,14.0000
218.0000,15.6010,54.8774,472.0072,223.2452,0.5624,18.0000
283.0000,193.5337,186.2500,45.6250,48.9784,0.3745,2.0000
283.0000,184.1226,344.6034,45.6130,23.1370,0.2670,2.0000
17.0000,359.1346,75.4087,58.5697,80.7452,0.6236,2.0000
17.0000,268.6298,110.2163,51.6827,103.6779,0.5996,2.0000
17.0000,177.2716,85.2284,96.5745,80.7452,0.5620,2.0000
17.0000,409.4471,183.0408,90.5529,133.1250,0.4755,2.0000
17.0000,192.9327,70.7091,45.6250,33.6659,0.3535,2.0000
17.0000,145.2163,66.6707,27.6683,38.1370,0.2688,2.0000
454.0000,56.6827,279.6346,51.6947,48.9784,0.5596,2.0000
454.0000,24.1947,191.2692,58.5817,91.4904,0.4857,2.0000
454.0000,250.3005,132.5192,124.0024,170.9255,0.2910,16.0000
454.0000,464.4471,128.4808,35.5529,103.6779,0.2850,2.0000
454.0000,63.8942,275.5000,51.6947,43.2212,0.2700,2.0000
62.0000,165.0961,168.0409,45.6130,29.6995,0.6665,6.0000
62.0000,13.0168,172.3678,96.5625,55.5048,0.5617,6.0000
62.0000,211.7308,162.7164,27.6682,23.1250,0.4739,6.0000
62.0000,283.2091,168.6178,58.5817,48.9784,0.4359,6.0000
62.0000,239.0625,160.0240,13.0649,29.7115,0.4349,14.0000
62.0000,211.3221,170.0841,27.6683,20.4087,0.2880,6.0000
62.0000,385.0000,163.7260,27.6682,15.9014,0.2876,6.0000
62.0000,161.4543,159.2548,51.6947,33.6538,0.2701,6.0000
343.0000,307.9567,226.4880,66.3702,80.7452,0.5208,14.0000
143.0000,186.6947,165.5865,96.5625,281.8269,0.5414,14.0000
143.0000,315.4808,146.3558,109.4231,281.8269,0.4369,14.0000
143.0000,257.5841,146.3558,109.4351,281.8269,0.3954,14.0000
143.0000,65.2764,171.7283,109.4351,248.7020,0.3743,14.0000
143.0000,125.6611,172.5336,85.2163,248.7019,0.3538,14.0000
143.0000,356.0697,136.8125,124.0024,319.3389,0.2903,14.0000
211.0000,413.6057,210.6971,31.3582,117.4760,0.6874,14.0000
211.0000,370.3005,226.9711,19.0144,62.8846,0.6872,14.0000
211.0000,273.8822,213.8341,21.5505,55.5048,0.5829,14.0000
211.0000,450.2644,225.4086,31.3582,103.6779,0.5828,14.0000
211.0000,391.4543,230.8654,16.7788,55.4928,0.5618,14.0000
211.0000,474.0024,218.3894,21.5505,103.6779,0.4776,14.0000
211.0000,280.4928,217.2957,21.5505,48.9784,0.3530,14.0000
211.0000,397.8606,227.5721,16.7789,62.8846,0.3327,14.0000
211.0000,443.0529,218.7981,31.3582,103.6779,0.2910,14.0000
56.0000,163.3293,133.9399,66.3702,55.5048,0.3328,19.0000
56.0000,1.9832,45.1659,159.4952,233.8582,0.2704,14.0000
126.0000,0.0000,249.2067,333.0000,137.0072,0.5412,18.0000
126.0000,0.0000,90.4087,333.0000,323.9904,0.3098,18.0000
333.0000,199.0577,176.8389,66.3702,117.4759,0.4152,8.0000
333.0000,82.1346,186.6346,177.6202,106.6947,0.3737,10.0000
333.0000,96.7861,176.8389,58.5817,117.4759,0.3730,8.0000
333.0000,170.4038,177.0433,85.2284,117.4760,0.3108,8.0000
245.0000,45.3005,38.9303,402.9928,285.9255,0.6658,6.0000
245.0000,91.7668,65.3245,16.7788,43.2212,0.6457,14.0000
245.0000,402.7885,56.1779,31.3582,80.7452,0.5829,14.0000
245.0000,431.0336,64.5913,31.3582,80.7452,0.5413,14.0000
245.0000,63.5216,65.3245,16.7788,43.2212,0.5412,14.0000
245.0000,130.3125,64.9279,19.0144,43.2212,0.4996,14.0000
245.0000,365.1683,55.3005,27.6682,62.8846,0.4995,14.0000
245.0000,55.4928,68.6659,14.8077,38.1490,0.4995,14.0000
245.0000,112.7885,68.2692,14.8077,38.1370,0.4993,14.0000
245.0000,33.9663,65.7332,19.0144,43.2211,0.4990,14.0000
245.0000,111.5986,73.7380,16.7788,43.2212,0.4784,14.0000
245.0000,71.4183,65.1322,19.0144,43.2211,0.4567,14.0000
245.0000,26.0697,65.1322,16.7788,43.2211,0.4369,14.0000
245.0000,43.5817,66.1298,19.0144,43.2212,0.4359,14.0000
245.0000,409.5192,58.6178,35.5288,91.4904,0.3746,14.0000
245.0000,83.4375,65.1322,19.0144,43.2211,0.3536,14.0000
245.0000,16.0457,64.7236,16.7788,43.2212,0.3521,14.0000
245.0000,330.5769,55.3125,21.5384,43.2211,0.3325,14.0000
245.0000,347.5481,53.4375,27.6683,48.9784,0.3323,14.0000
245.0000,420.3365,58.8221,35.5289,91.4904,0.3122,14.0000
245.0000,131.8389,61.4904,16.7788,33.6659,0.3119,14.0000
245.0000,443.7260,53.0409,24.4110,48.9663,0.3114,14.0000
245.0000,441.6947,55.9856,27.6683,80.7452,0.2905,14.0000
245.0000,355.7211,62.5120,31.3462,62.8846,0.2705,14.0000
97.0000,3.9975,14.7245,83.8647,130.9950,0.4784,19.0000
348.0000,49.4591,30.3822,180.7211,300.2764,0.4164,14.0000
66.0000,280.6370,54.3726,159.4832,233.8702,0.4997,14.0000
66.0000,267.8245,193.4711,51.6947,91.4904,0.3104,4.0000
493.0000,114.4111,193.7500,96.5625,103.6779,0.2911,14.0000
144.0000,31.8029,211.0192,228.0649,120.9015,0.6865,1.0000
144.0000,88.2812,115.7909,140.7452,206.3822,0.3747,14.0000
237.0000,15.6010,3.4615,472.0072,368.0769,0.8747,6.0000
270.0000,203.2812,127.0168,228.0529,175.9135,0.4370,13.0000
270.0000,75.0481,128.8438,177.6202,137.0072,0.3940,13.0000
346.0000,225.7572,54.7260,96.5625,193.7019,0.4582,14.0000
29.0000,0.0000,71.8630,500.0000,223.2572,0.4092,18.0000
29.0000,120.1202,241.2861,201.2620,64.7115,0.3332,6.0000
189.0000,253.3774,385.6610,109.4351,103.6779,0.4567,11.0000
189.0000,9.6755,26.9111,355.6490,285.9255,0.2913,19.0000
235.0000,18.0048,44.1082,472.0072,252.9808,0.7499,6.0000
235.0000,151.5865,22.9183,31.3582,48.9784,0.6035,14.0000
235.0000,64.3630,22.0889,35.5288,91.4904,0.6033,14.0000
235.0000,20.8654,32.9784,45.6130,33.6659,0.5828,6.0000
235.0000,277.8365,29.3365,51.6947,38.1370,0.5412,6.0000
235.0000,104.1106,12.4495,31.3582,55.4928,0.5410,14.0000
235.0000,190.4567,39.8053,31.3461,18.0048,0.4951,6.0000
235.0000,7.6202,35.8990,14.8077,26.2139,0.4539,6.0000
235.0000,244.2909,36.3918,40.2644,62.8846,0.4160,14.0000
235.0000,245.3005,32.5817,19.0144,33.6538,0.4150,14.0000
235.0000,69.6154,16.1995,40.2524,103.6779,0.3730,14.0000
235.0000,282.2115,23.5673,58.5697,33.6538,0.3532,6.0000
235.0000,97.9447,15.3101,27.6683,48.9663,0.3527,14.0000
235.0000,215.5889,37.4375,21.5505,23.1370,0.3497,14.0000
235.0000,226.1899,37.4375,16.7788,23.1370,0.3470,14.0000
235.0000,146.6226,21.5240,27.6683,38.1370,0.3119,14.0000
235.0000,243.1971,36.2115,24.4231,43.2211,0.3114,14.0000
235.0000,253.5096,34.1322,40.2524,48.9784,0.2977,14.0000
235.0000,128.6538,21.1274,21.5385,38.1370,0.2903,14.0000
235.0000,140.8534,23.5673,16.7788,33.6538,0.2899,14.0000
235.0000,291.5745,41.5721,40.2524,29.6995,0.2897,6.0000
235.0000,53.1851,18.4471,40.2644,80.7452,0.2761,14.0000
235.0000,114.9760,15.9111,27.6683,48.9664,0.2690,14.0000
235.0000,201.9111,39.8053,27.6683,18.0048,0.2529,6.0000
409.0000,263.0168,15.6851,96.5625,103.6779,0.5415,14.0000
409.0000,347.0072,19.3870,85.2284,133.1250,0.4787,14.0000
409.0000,20.1562,87.3918,313.8582,252.3317,0.3728,12.0000
457.0000,308.1611,152.7500,66.3701,170.9254,0.5416,14.0000
457.0000,25.7933,200.5625,156.7428,132.4375,0.5199,14.0000
457.0000,165.4447,48.8197,159.4952,265.0000,0.3957,14.0000
457.0000,408.0408,264.8654,91.9592,62.8846,0.3515,14.0000
386.0000,285.7933,99.9255,177.6202,106.7067,0.2704,18.0000
311.0000,174.0024,85.3966,313.8582,285.9375,0.2646,14.0000
41.0000,146.4183,51.9832,159.4832,300.2764,0.2706,14.0000
323.0000,374.3510,109.3269,31.3462,48.9784,0.5624,14.0000
323.0000,11.6466,7.1394,402.9928,367.1394,0.5618,6.0000
323.0000,359.2188,114.7476,21.5504,38.1370,0.5414,14.0000
323.0000,469.4952,101.6106,30.5048,103.6779,0.4369,14.0000
323.0000,461.4904,113.4736,31.3462,80.7452,0.2908,14.0000
323.0000,378.8702,106.2620,35.5288,55.5048,0.2707,14.0000
394.0000,166.9711,100.8413,40.2524,33.6538,0.6208,0.0000
394.0000,119.4952,180.6851,40.2524,26.2140,0.5577,0.0000
394.0000,151.9952,144.9639,31.3461,23.1370,0.5376,0.0000
394.0000,192.8966,154.1827,27.6683,23.1250,0.5370,0.0000
394.0000,193.2933,214.2308,27.6683,20.4207,0.5370,0.0000
394.0000,208.7981,183.6298,35.5288,23.1250,0.5178,0.0000
394.0000,256.8750,184.4231,35.5288,23.1370,0.5169,0.0000
394.0000,152.3918,213.0769,31.3582,23.1250,0.4970,0.0000
394.0000,170.1322,249.5313,35.5288,23.1370,0.4957,0.0000
394.0000,143.9784,145.1683,31.3582,23.1250,0.4745,0.0000
394.0000,203.1370,214.0264,24.4111,20.4207,0.4539,0.0000
394.0000,182.4399,155.3365,31.3582,20.4207,0.3928,0.0000
394.0000,122.2596,176.6106,35.5288,23.1370,0.3920,0.0000
394.0000,254.3149,187.9567,40.2524,29.6995,0.3714,0.0000
394.0000,170.3365,242.9207,35.5288,23.1370,0.3518,0.0000
394.0000,154.0385,220.4808,27.6682,23.1370,0.3515,0.0000
394.0000,203.1370,155.5409,24.4111,20.4087,0.3498,0.0000
394.0000,182.2356,215.4327,31.3582,18.0168,0.3311,0.0000
394.0000,174.8918,215.2284,24.4111,18.0168,0.3308,0.0000
394.0000,143.9784,214.4351,31.3582,20.4087,0.3104,0.0000
394.0000,163.0529,214.0264,27.6683,20.4207,0.3104,0.0000
394.0000,161.4062,145.1683,31.3582,23.1250,0.3101,0.0000
394.0000,132.5601,174.6755,31.3582,26.2140,0.2888,0.0000
394.0000,230.5529,184.9880,27.6682,20.4087,0.2690,0.0000
394.0000,177.5481,102.8125,35.5288,29.7115,0.2690,0.0000
394.0000,247.8606,185.7812,35.5288,20.4207,0.2690,0.0000
394.0000,191.2500,220.0842,31.3582,23.1370,0.2688,0.0000
394.0000,182.2837,243.1250,27.6682,23.1250,0.2685,0.0000
394.0000,196.3582,149.9279,21.5505,18.0168,0.2679,0.0000
394.0000,215.9736,215.2284,16.7788,18.0168,0.2670,0.0000
13.0000,10.1683,124.9207,31.3462,80.7452,0.6452,14.0000
13.0000,16.5745,119.3438,31.3582,91.4904,0.6037,14.0000
13.0000,18.0048,62.6851,472.0072,223.2452,0.5620,18.0000
274.0000,34.2428,111.3918,258.4375,175.9135,0.5414,18.0000
274.0000,0.0000,80.8029,29.9038,103.6779,0.5399,14.0000
274.0000,323.4495,112.9303,176.5505,83.1010,0.3120,18.0000
274.0000,47.3438,104.8534,416.5385,197.0192,0.2706,18.0000
191.0000,104.2846,92.9192,119.0423,210.7039,0.2916,14.0000
58.0000,129.5553,176.2284,228.0649,94.1586,0.4991,0.0000
234.0000,36.4062,100.4351,331.8389,106.7067,0.4998,0.0000
384.0000,274.2308,203.8221,96.5745,150.8534,0.4999,14.0000
384.0000,143.1851,226.7668,156.7428,137.0072,0.4997,14.0000
384.0000,348.1370,142.0793,151.8630,232.9207,0.3957,14.0000
384.0000,226.8149,175.6130,75.2163,91.4904,0.3956,14.0000
378.0000,0.0000,85.6010,442.2716,323.9904,0.4165,11.0000
173.0000,133.1611,193.1490,138.3293,120.9134,0.5392,19.0000
173.0000,151.2139,205.0601,109.4351,91.4904,0.4994,19.0000
51.0000,203.7139,79.6995,159.4832,206.3822,0.3957,14.0000
51.0000,132.4279,128.7860,292.8365,175.9135,0.3938,13.0000
383.0000,0.0000,92.6442,500.0000,197.0192,0.6747,3.0000
64.0000,207.1875,173.5649,75.2043,38.1490,0.6248,6.0000
64.0000,104.3389,222.4111,109.4351,91.4904,0.5563,1.0000
64.0000,68.7620,171.8341,85.2284,43.2211,0.4992,6.0000
64.0000,129.8678,154.3221,75.2043,133.1250,0.4580,14.0000
64.0000,265.7692,168.0962,138.3293,64.7115,0.3928,6.0000
64.0000,139.3870,147.2909,58.5697,91.4904,0.3316,14.0000
64.0000,57.0433,158.9736,138.3173,73.3414,0.2864,6.0000
116.0000,399.6995,140.3606,75.2043,80.7452,0.6593,8.0000
116.0000,112.2476,109.1707,35.5288,48.9784,0.5831,14.0000
116.0000,341.5024,145.9135,58.5817,71.2500,0.5816,8.0000
116.0000,183.7500,170.0721,85.2284,117.4760,0.5621,8.0000
116.0000,67.9688,196.4062,85.2163,103.6779,0.5621,8.0000
116.0000,9.4832,180.2885,66.3702,117.4760,0.5620,8.0000
116.0000,279.5192,144.7115,66.3702,71.2500,0.5364,8.0000
116.0000,49.9038,128.2091,45.6250,48.9663,0.5207,14.0000
116.0000,5.6611,134.2067,75.2163,133.1250,0.5195,14.0000
116.0000,166.7067,107.9928,21.5505,29.6995,0.4970,14.0000
116.0000,401.9952,97.4038,31.3462,33.6538,0.4539,14.0000
116.0000,325.6731,98.0048,31.3462,33.6538,0.4359,14.0000
116.0000,289.8918,107.2476,45.6130,71.2620,0.4100,14.0000
116.0000,359.2789,94.9639,40.2524,38.1370,0.3856,14.0000
116.0000,167.1154,103.1250,21.5385,26.2140,0.3743,14.0000
116.0000,205.6370,115.5288,40.2524,55.4928,0.3718,14.0000
116.0000,151.0457,110.7452,14.8077,26.2019,0.3674,14.0000
116.0000,301.1899,111.6346,40.2524,62.8846,0.3664,14.0000
116.0000,125.1923,103.0409,27.6683,43.2211,0.3536,14.0000
116.0000,68.1370,119.1947,45.6130,48.9663,0.3534,14.0000
116.0000,138.2692,107.0192,21.5385,33.6539,0.3525,14.0000
116.0000,222.3798,115.3245,45.6250,55.5048,0.3485,14.0000
116.0000,161.0697,110.3365,14.8077,26.2140,0.3460,14.0000
116.0000,171.8630,111.8750,27.6682,23.1370,0.3329,14.0000
116.0000,228.9663,111.6346,51.6827,62.8846,0.3257,14.0000
116.0000,202.1154,106.4183,27.6683,33.6538,0.3112,14.0000
116.0000,315.8534,103.9784,31.3582,38.1370,0.3098,14.0000
116.0000,206.0938,116.4663,58.5697,71.2500,0.3061,14.0000
116.0000,58.5216,122.6683,45.6130,43.2211,0.2914,14.0000
116.0000,327.5120,105.8173,27.6683,33.6538,0.2820,14.0000
116.0000,308.0769,104.9760,27.6682,38.1370,0.2702,14.0000
116.0000,270.8654,136.4904,45.6130,71.2620,0.2688,8.0000
116.0000,54.6154,163.9543,177.6202,120.9014,0.2685,10.0000
353.0000,51.9712,226.3702,376.0216,137.0072,0.4992,17.0000
249.0000,70.3245,120.2885,292.8365,199.3269,0.2705,16.0000
249.0000,44.9279,66.9712,330.0721,285.9254,0.2696,16.0000
264.0000,58.1490,70.0240,85.2284,281.8269,0.5620,14.0000
264.0000,0.0000,61.0096,70.8534,281.8269,0.4784,14.0000
264.0000,127.7043,55.1803,40.2644,80.7452,0.3749,14.0000
264.0000,117.0192,53.5337,45.6130,103.6779,0.2916,14.0000
233.0000,231.0697,233.6514,124.0024,99.3486,0.3204,11.0000
206.0000,0.0000,97.0433,329.3750,199.3389,0.4994,7.0000
206.0000,0.6611,7.9688,85.2163,117.4760,0.4115,8.0000
206.0000,226.8990,67.2476,177.6202,106.6947,0.2827,7.0000
33.0000,57.9567,101.3005,66.3702,55.4928,0.6462,16.0000
33.0000,344.8197,208.2716,66.3701,55.4928,0.6447,16.0000
33.0000,186.6587,126.0601,58.5697,43.2211,0.5195,16.0000
33.0000,258.7620,138.8245,31.3582,38.1370,0.4930,16.0000
33.0000,181.4904,119.0529,51.6827,43.2211,0.3718,16.0000
33.0000,6.4784,100.3630,35.5288,38.1370,0.3529,9.0000
321.0000,87.7644,6.9087,402.9928,323.9904,0.4567,9.0000
302.0000,78.9062,61.9952,159.4952,300.2885,0.3950,14.0000
302.0000,270.7332,165.7933,124.0024,91.4904,0.2812,12.0000
129.0000,212.8125,107.6442,66.3702,170.9255,0.5831,14.0000
129.0000,311.5985,149.2788,40.2644,103.6779,0.5830,14.0000
129.0000,335.1322,149.8798,51.6947,103.6779,0.5206,14.0000
410.0000,293.0288,125.7452,58.5697,133.1250,0.4572,14.0000
410.0000,250.4567,174.5553,85.2284,170.9255,0.4553,14.0000
410.0000,183.5457,174.5553,85.2283,170.9255,0.2906,14.0000
192.0000,0.0000,1.3558,267.3943,396.0096,0.6778,14.0000
319.0000,148.1971,240.4279,58.5697,23.1370,0.5829,3.0000
319.0000,151.4423,230.5361,51.6827,29.6995,0.4363,3.0000
137.0000,216.8029,0.6490,75.2043,248.7019,0.5203,4.0000
137.0000,29.3029,114.2909,85.2284,193.6899,0.3954,4.0000
137.0000,315.0962,18.1851,51.6947,117.4760,0.3748,4.0000
232.0000,36.1178,26.7404,355.6490,285.9255,0.9990,6.0000
371.0000,147.6875,237.1394,51.6947,38.1370,0.5789,2.0000
371.0000,143.9135,242.9447,45.6250,38.1490,0.3109,2.0000
406.0000,112.5538,96.0692,119.0423,185.9423,0.3124,14.0000
156.0000,42.8966,42.9327,402.9928,285.9255,0.6232,6.0000
156.0000,0.0000,48.1731,136.8750,64.7115,0.5611,6.0000
156.0000,125.0962,30.8053,124.0024,48.9664,0.5205,6.0000
156.0000,255.6731,6.8389,35.5288,43.2212,0.3318,14.0000
156.0000,58.3534,36.2620,85.2163,62.8846,0.3114,6.0000
18.0000,145.0961,86.2019,354.9039,285.9255,0.4363,14.0000
372.0000,0.0000,100.2476,219.0024,137.0072,0.6450,5.0000
181.0000,150.3005,260.0601,85.2163,103.6779,0.4995,8.0000
428.0000,55.8654,36.1538,109.4231,80.7452,0.4785,19.0000
428.0000,274.3630,167.0793,201.2740,136.9952,0.4359,17.0000
231.0000,231.2019,96.8990,45.6130,133.1250,0.4994,4.0000
231.0000,70.8173,271.3582,40.2524,91.4904,0.4789,4.0000
231.0000,113.9303,266.9231,31.3582,80.7452,0.4576,4.0000
231.0000,142.5721,253.0288,31.3582,71.2620,0.3944,4.0000
238.0000,0.0000,61.9351,500.0000,313.0649,0.4977,7.0000
358.0000,158.1995,231.4904,24.4111,26.2019,0.3247,14.0000
358.0000,160.0385,219.7476,21.5385,33.6659,0.3111,14.0000
483.0000,289.6514,39.4687,180.7212,206.3822,0.2915,14.0000
258.0000,100.8894,117.0312,201.2620,120.9015,0.3081,7.0000
240.0000,94.5433,233.1010,51.6947,91.4904,0.6040,4.0000
240.0000,339.2428,227.0072,40.2644,103.6779,0.4791,4.0000
240.0000,265.6851,68.1851,75.2043,170.9255,0.4373,14.0000
240.0000,136.3582,31.4303,140.7452,206.3822,0.4368,14.0000
240.0000,0.0000,104.0264,133.0769,233.8582,0.3954,14.0000
240.0000,132.7644,154.6875,138.3173,120.9135,0.3744,14.0000
316.0000,253.5697,160.8654,58.5697,62.8846,0.3942,14.0000
439.0000,460.0841,142.6130,31.3582,23.1370,0.5607,6.0000
439.0000,48.1370,59.6803,416.5384,197.0192,0.3697,5.0000
439.0000,452.2716,140.8702,31.3582,26.2140,0.3530,6.0000
256.0000,12.3918,30.6851,472.0072,324.8438,0.5187,17.0000
303.0000,8.9423,57.6851,313.8461,276.3149,0.5194,7.0000
455.0000,0.0000,84.9880,352.5000,252.3317,0.3730,12.0000
455.0000,0.0000,56.6226,500.0000,252.9808,0.3104,12.0000
455.0000,274.0264,58.6058,96.5745,150.8533,0.2916,14.0000
70.0000,254.1707,201.2981,58.5697,133.1250,0.5208,14.0000
70.0000,418.9303,225.6370,75.2043,103.6779,0.4790,14.0000
70.0000,267.8005,226.2380,109.4351,103.6779,0.4778,14.0000
70.0000,393.1731,192.0793,31.3582,133.1250,0.4582,14.0000
70.0000,76.8269,192.4399,123.9904,142.5601,0.4166,14.0000
70.0000,435.9976,178.7380,40.2644,43.2211,0.3747,14.0000
70.0000,437.9688,173.0649,35.5288,38.1490,0.3536,14.0000
70.0000,401.1899,190.6971,31.3582,117.4760,0.3123,14.0000
70.0000,388.7260,191.5024,19.0144,38.1370,0.3119,14.0000
70.0000,344.5433,191.0938,51.6947,117.4759,0.3118,14.0000
70.0000,360.0841,191.8870,40.2524,133.1250,0.2706,14.0000
452.0000,12.3918,43.3654,472.0072,286.6707,0.5409,13.0000
445.0000,10.5649,272.0793,228.0649,102.9207,0.2899,19.0000
42.0000,157.9567,217.5889,40.2524,91.4904,0.5613,4.0000
251.0000,0.0000,91.9952,91.3582,103.6779,0.5829,14.0000
251.0000,68.2933,132.6683,180.7211,233.8582,0.4163,14.0000
251.0000,257.9808,142.4880,204.7836,232.5120,0.2914,14.0000
304.0000,0.0000,57.5481,351.7067,317.4519,0.3940,11.0000
183.0000,0.0000,97.6562,123.7019,150.8413,0.5208,14.0000
183.0000,126.9832,80.1082,159.4952,206.3702,0.3954,14.0000
104.0000,17.1995,57.8149,472.0072,252.9807,0.4373,18.0000
354.0000,112.7764,82.2812,258.4255,136.9952,0.6455,6.0000
121.0000,93.9663,131.4399,292.8365,94.1587,0.4165,18.0000
121.0000,0.0000,136.9687,187.1755,83.1010,0.3122,18.0000
365.0000,93.4255,246.7067,13.0649,26.2139,0.4579,14.0000
365.0000,141.2380,252.7764,14.8077,29.6995,0.4155,14.0000
365.0000,140.2524,246.7668,16.7788,29.6995,0.4153,14.0000
365.0000,35.8413,136.3221,464.1587,155.2404,0.3747,3.0000
365.0000,76.9712,248.4495,11.5264,23.1370,0.3733,14.0000
365.0000,85.2163,246.9110,13.0649,26.2139,0.3533,14.0000
5.0000,13.1971,0.0000,472.0072,285.7716,0.3924,11.0000
5.0000,21.7548,13.2957,313.8582,324.0024,0.2910,11.0000
489.0000,71.3317,22.7284,27.6683,80.7452,0.6247,14.0000
489.0000,31.0673,30.7452,27.6683,80.7452,0.6035,14.0000
489.0000,0.0000,25.1322,17.7500,55.5048,0.5829,14.0000
489.0000,54.5649,22.7284,21.5505,80.7452,0.5823,14.0000
489.0000,272.5337,34.5072,60.4663,248.7019,0.5206,14.0000
489.0000,24.2644,23.1250,27.6683,80.7452,0.4368,14.0000
489.0000,10.3702,140.1442,313.8582,359.8558,0.3536,13.0000
489.0000,61.9207,22.7284,27.6683,80.7452,0.3532,14.0000
489.0000,6.3558,24.7356,19.0144,55.4928,0.3320,14.0000
489.0000,80.1779,22.3317,24.4111,80.7452,0.3120,14.0000
340.0000,126.5385,166.0336,140.7452,206.3942,0.4786,14.0000
340.0000,43.2572,140.2644,96.5745,219.4711,0.3956,14.0000
340.0000,209.3269,161.3462,51.6947,80.7452,0.3653,8.0000
340.0000,57.1514,136.1178,85.2163,150.8414,0.2705,14.0000
112.0000,53.3053,46.9351,403.0048,285.9375,0.4988,7.0000
162.0000,51.6587,96.0337,448.3413,223.2572,0.6310,5.0000
187.0000,292.9207,173.2428,75.2163,91.4904,0.4580,8.0000
187.0000,128.7981,218.1226,258.4255,106.6947,0.4333,10.0000
187.0000,90.3365,209.1202,96.5745,117.4760,0.3957,8.0000
187.0000,279.9038,172.1851,85.2284,160.8149,0.2702,8.0000
49.0000,53.8101,0.0000,313.8582,250.9952,0.2895,11.0000
481.0000,403.8702,166.6947,45.6250,71.2620,0.6030,14.0000
481.0000,256.0697,169.3630,35.5288,80.7452,0.5413,14.0000
481.0000,91.6466,184.3269,40.2644,71.2500,0.4575,14.0000
481.0000,100.6250,180.6971,35.5288,62.8846,0.3748,14.0000
481.0000,80.8534,179.2789,201.2740,73.3293,0.3538,3.0000
481.0000,250.9495,167.8966,31.3582,71.2620,0.3537,14.0000
481.0000,261.9231,174.3029,40.2524,71.2620,0.3321,14.0000
481.0000,293.4615,179.2909,96.5745,62.8846,0.3223,9.0000
459.0000,106.3221,126.3894,228.0649,175.9134,0.2708,2.0000
125.0000,196.9712,44.6635,122.0793,73.3293,0.8120,6.0000
125.0000,399.0985,64.8558,75.2043,48.9784,0.6655,6.0000
125.0000,59.3630,28.7139,66.3702,170.9375,0.5831,14.0000
495.0000,158.2452,83.8582,51.6947,91.4904,0.5413,2.0000
68.0000,232.3077,98.8702,140.7452,265.0000,0.5201,14.0000
46.0000,0.0000,70.4543,500.0000,252.9808,0.6039,6.0000
205.0000,101.8149,61.5721,75.2163,219.4711,0.4153,14.0000
205.0000,318.0889,116.3918,180.7212,206.3822,0.3748,14.0000
205.0000,0.0000,241.8486,72.2596,71.2620,0.3121,11.0000
205.0000,142.8005,91.0192,109.4351,219.4712,0.2915,14.0000
381.0000,34.5192,54.0457,355.6490,252.3317,0.3950,18.0000
247.0000,52.7404,76.6346,75.2043,193.6899,0.5830,14.0000
247.0000,249.1466,171.2981,31.3582,43.2211,0.5376,8.0000
247.0000,282.7524,178.9062,40.2644,43.2211,0.3709,8.0000
247.0000,347.6923,98.5336,140.7452,206.3822,0.3320,14.0000
292.0000,59.4183,255.5529,51.6827,133.1250,0.6034,14.0000
292.0000,147.2188,143.1611,35.5288,91.4904,0.5618,14.0000
292.0000,0.0000,217.2235,62.1586,170.9255,0.4996,14.0000
431.0000,395.0481,207.6707,24.4110,62.8846,0.4165,4.0000
431.0000,389.2668,211.1683,21.5505,55.4928,0.3748,4.0000
431.0000,384.6274,216.9014,14.8076,43.2211,0.3121,4.0000
479.0000,0.0000,164.9279,375.0000,323.9904,0.6856,13.0000
0.0000,134.7356,95.5649,313.8582,324.0024,0.5194,12.0000
398.0000,247.9447,212.4014,31.3582,71.2620,0.3529,14.0000
398.0000,230.7572,207.8582,27.6683,80.7452,0.3118,14.0000
398.0000,51.6587,57.2812,448.3413,223.2452,0.2916,0.0000
3.0000,298.5457,147.0673,66.3702,71.2500,0.3748,15.0000
299.0000,101.6226,120.8389,75.2043,62.8846,0.6017,9.0000
299.0000,367.0553,177.0649,66.3701,48.9784,0.5975,9.0000
299.0000,161.2500,151.4399,51.6947,38.1370,0.5570,9.0000
299.0000,338.3654,129.5529,45.6250,26.2140,0.4296,9.0000
254.0000,147.2236,109.7163,258.4375,137.0072,0.5190,9.0000
462.0000,0.0000,23.8942,354.1106,324.0024,0.5125,11.0000
182.0000,10.7933,27.9784,472.0072,286.6587,0.5331,11.0000
115.0000,149.9038,30.3125,350.0962,323.9904,0.3538,2.0000
9.0000,65.8053,126.0433,426.0817,137.0072,0.6658,6.0000
260.0000,324.9158,95.3005,51.6947,133.1250,0.6244,14.0000
260.0000,100.4207,136.3462,35.5288,91.4904,0.5682,14.0000
197.0000,18.0048,8.0865,472.0072,324.8437,0.8502,17.0000
484.0000,375.5048,168.7019,123.9904,206.2981,0.3112,8.0000
484.0000,143.9784,251.6466,156.7548,120.9014,0.2679,8.0000
239.0000,89.0745,236.4183,177.6202,120.9134,0.4156,7.0000
170.0000,389.6755,39.3149,75.2163,248.7019,0.5205,14.0000
170.0000,17.5962,0.0000,109.4351,353.8101,0.4997,14.0000
170.0000,180.8654,96.0577,109.4231,193.7019,0.4788,14.0000
170.0000,110.1683,68.5577,96.5745,248.7019,0.4787,14.0000
170.0000,311.4904,135.2885,96.5745,170.9255,0.4576,14.0000
170.0000,298.7380,37.2115,85.2164,117.4760,0.4164,14.0000
170.0000,259.8678,82.3678,85.2283,219.4832,0.4164,14.0000
11.0000,416.0817,47.1274,24.4110,23.1370,0.4788,14.0000
11.0000,299.0625,132.4639,180.7211,233.8702,0.4580,14.0000
11.0000,186.4543,108.6058,58.5817,71.2500,0.4580,14.0000
11.0000,212.5721,107.2716,45.6130,55.4928,0.4370,14.0000
11.0000,54.4351,216.4543,331.8390,155.2404,0.4165,10.0000
11.0000,0.0000,133.0649,151.8630,233.8702,0.3956,14.0000
11.0000,442.6923,51.8510,27.6682,29.7115,0.3950,14.0000
11.0000,422.8606,47.1274,27.6683,23.1370,0.3949,14.0000
11.0000,298.7500,108.3053,66.3702,91.4904,0.3327,14.0000
11.0000,432.8846,47.3317,27.6682,23.1250,0.3325,14.0000
11.0000,412.4038,50.2524,31.3582,29.6995,0.3323,14.0000
11.0000,450.4688,100.7091,31.3582,48.9784,0.2792,14.0000
11.0000,177.4399,112.6683,58.5817,80.7452,0.2706,14.0000
11.0000,180.8894,104.3750,51.6827,62.8846,0.2704,14.0000

	 - Average Precision (AP) @[ IoU=0.50:0.95 | area=   all | maxDets=100 ] = 0.292
	 - Average Precision (AP) @[ IoU=0.50      | area=   all | maxDets=100 ] = 0.548
	 - Average Precision (AP) @[ IoU=0.75      | area=   all | maxDets=100 ] = 0.274
	 - Average Precision (AP) @[ IoU=0.50:0.95 | area= small | maxDets=100 ] = 0.047
	 - Average Precision (AP) @[ IoU=0.50      | area= small | maxDets=100 ] = 0.124
	 - Average Precision (AP) @[ IoU=0.50:0.95 | area=medium | maxDets=100 ] = 0.227
	 - Average Precision (AP) @[ IoU=0.50      | area=medium | maxDets=100 ] = 0.453
	 - Average Precision (AP) @[ IoU=0.50:0.95 | area= large | maxDets=100 ] = 0.316
	 - Average Precision (AP) @[ IoU=0.50      | area= large | maxDets=100 ] = 0.540
